3000
1.5	0.09562997980904202
1.5015005	0.09562997980904202
1.503001	0.09562997980904202
1.5045015	0.09562997980904202
1.506002	0.09562997980904202
1.5075025	0.09562997980904202
1.509003	0.09562997980904202
1.5105035	0.09562997980904202
1.512004	0.09562997980904202
1.5135045	0.09562997980904202
1.515005	0.09562997980904202
1.5165055	0.09562997980904202
1.518006	0.09562997980904202
1.5195065	0.09562997980904202
1.521007	0.09562997980904202
1.5225075	0.09562997980904202
1.524008	0.09562997980904202
1.5255085	0.09562997980904202
1.527009	0.09562997980904202
1.5285095	0.09562997980904202
1.53001	0.09562997980904202
1.5315105	0.09562997980904202
1.533011	0.09562997980904202
1.5345115	0.09562997980904202
1.536012	0.09562997980904202
1.5375125	0.09562997980904202
1.539013	0.09562997980904202
1.5405135	0.09562997980904202
1.542014	0.09562997980904202
1.5435145	0.09562997980904202
1.545015	0.09562997980904202
1.5465155	0.09562997980904202
1.548016	0.09562997980904202
1.5495165	0.09562997980904202
1.551017	0.09562997980904202
1.5525175	0.09562997980904202
1.554018	0.09562997980904202
1.5555185	0.09562997980904202
1.557019	0.09562997980904202
1.5585195	0.09562997980904202
1.56002	0.09562997980904202
1.5615205	0.09562997980904202
1.563021	0.09562997980904202
1.5645215	0.09562997980904202
1.566022	0.09562997980904202
1.5675225	0.09562997980904202
1.569023	0.09562997980904202
1.5705235	0.09562997980904202
1.572024	0.09562997980904202
1.5735245	0.09562997980904202
1.575025	0.09562997980904202
1.5765255	0.09562997980904202
1.578026	0.09562997980904202
1.5795265	0.09562997980904202
1.581027	0.09562997980904202
1.5825275	0.09562997980904202
1.584028	0.09562997980904202
1.5855285	0.09562997980904202
1.587029	0.09562997980904202
1.5885295	0.09562997980904202
1.59003	0.09562997980904202
1.5915305	0.09562997980904202
1.593031	0.09562997980904202
1.5945315	0.09562997980904202
1.596032	0.09562997980904202
1.5975325	0.09562997980904202
1.599033	0.09562997980904202
1.6005335	0.09562997980904202
1.602034	0.09562997980904202
1.6035345	0.09562997980904202
1.605035	0.09562997980904202
1.6065355	0.09562997980904202
1.608036	0.09562997980904202
1.6095365	0.09562997980904202
1.611037	0.09562997980904202
1.6125375	0.09562997980904202
1.614038	0.09562997980904202
1.6155385	0.09562997980904202
1.617039	0.09562997980904202
1.6185395	0.09562997980904202
1.62004	0.09562997980904202
1.6215405	0.09562997980904202
1.623041	0.09562997980904202
1.6245415	0.09562997980904202
1.626042	0.09562997980904202
1.6275425	0.09562997980904202
1.629043	0.09562997980904202
1.6305435	0.09562997980904202
1.632044	0.09562997980904202
1.6335445	0.09562997980904202
1.635045	0.09562997980904202
1.6365455	0.09562997980904202
1.638046	0.09562997980904202
1.6395465	0.09562997980904202
1.641047	0.09562997980904202
1.6425475	0.09562997980904202
1.644048	0.09562997980904202
1.6455485	0.09562997980904202
1.647049	0.09562997980904202
1.6485495	0.09562997980904202
1.65005	0.09562997980904202
1.6515505	0.09562997980904202
1.653051	0.09562997980904202
1.6545515	0.09562997980904202
1.656052	0.09562997980904202
1.6575525	0.09562997980904202
1.659053	0.09562997980904202
1.6605535	0.09562997980904202
1.662054	0.09562997980904202
1.6635545	0.09562997980904202
1.665055	0.09562997980904202
1.6665555	0.09562997980904202
1.668056	0.09562997980904202
1.6695565	0.09562997980904202
1.671057	0.09562997980904202
1.6725575	0.09562997980904202
1.674058	0.09562997980904202
1.6755585	0.09562997980904202
1.677059	0.09562997980904202
1.6785595	0.09562997980904202
1.68006	0.09562997980904202
1.6815605	0.09562997980904202
1.683061	0.09562997980904202
1.6845615	0.09562997980904202
1.686062	0.09562997980904202
1.6875625	0.09562997980904202
1.689063	0.09562997980904202
1.6905635	0.09562997980904202
1.692064	0.09562997980904202
1.6935645	0.09562997980904202
1.695065	0.09562997980904202
1.6965655	0.09562997980904202
1.698066	0.09562997980904202
1.6995665	0.09562997980904202
1.701067	0.09562997980904202
1.7025675	0.09562997980904202
1.704068	0.09562997980904202
1.7055685	0.09562997980904202
1.707069	0.09562997980904202
1.7085695	0.09562997980904202
1.71007	0.09562997980904202
1.7115705	0.09562997980904202
1.713071	0.09562997980904202
1.7145715	0.09562997980904202
1.716072	0.09562997980904202
1.7175725	0.09562997980904202
1.719073	0.09562997980904202
1.7205735	0.09562997980904202
1.722074	0.09562997980904202
1.7235745	0.09562997980904202
1.725075	0.09562997980904202
1.7265755	0.09562997980904202
1.728076	0.09562997980904202
1.7295765	0.09562997980904202
1.731077	0.09562997980904202
1.7325775	0.09562997980904202
1.734078	0.09562997980904202
1.7355785	0.09562997980904202
1.737079	0.09562997980904202
1.7385795	0.09562997980904202
1.74008	0.09562997980904202
1.7415805	0.09562997980904202
1.743081	0.09562997980904202
1.7445815	0.09562997980904202
1.746082	0.09562997980904202
1.7475825	0.09562997980904202
1.749083	0.09562997980904202
1.7505835	0.09562997980904202
1.752084	0.09562997980904202
1.7535845	0.09562997980904202
1.755085	0.09562997980904202
1.7565855	0.09562997980904202
1.758086	0.09562997980904202
1.7595865	0.09562997980904202
1.761087	0.09562997980904202
1.7625875	0.09562997980904202
1.764088	0.09562997980904202
1.7655885	0.09562997980904202
1.767089	0.09562997980904202
1.7685895	0.09562997980904202
1.77009	0.09562997980904202
1.7715905	0.09562997980904202
1.773091	0.09562997980904202
1.7745915	0.09562997980904202
1.776092	0.09562997980904202
1.7775925	0.09562997980904202
1.779093	0.09562997980904202
1.7805935	0.09562997980904202
1.782094	0.09562997980904202
1.7835945	0.09562997980904202
1.785095	0.09562997980904202
1.7865955	0.09562997980904202
1.788096	0.09562997980904202
1.7895965	0.09562997980904202
1.791097	0.09562997980904202
1.7925975	0.09562997980904202
1.794098	0.09562997980904202
1.7955985	0.09562997980904202
1.797099	0.09562997980904202
1.7985995	0.09562997980904202
1.8001	0.09562997980904202
1.8016005	0.09562997980904202
1.803101	0.09562997980904202
1.8046015	0.09562997980904202
1.806102	0.09562997980904202
1.8076025	0.09562997980904202
1.809103	0.09562997980904202
1.8106035	0.09562997980904202
1.812104	0.09562997980904202
1.8136045	0.09562997980904202
1.815105	0.09562997980904202
1.8166055	0.09562997980904202
1.818106	0.09562997980904202
1.8196065	0.09562997980904202
1.821107	0.09562997980904202
1.8226075	0.09562997980904202
1.824108	0.09562997980904202
1.8256085	0.09562997980904202
1.827109	0.09562997980904202
1.8286095	0.09562997980904202
1.83011	0.09562997980904202
1.8316105	0.09562997980904202
1.833111	0.09562997980904202
1.8346115	0.09562997980904202
1.836112	0.09562997980904202
1.8376125	0.09562997980904202
1.839113	0.09562997980904202
1.8406135	0.09562997980904202
1.842114	0.09562997980904202
1.8436145	0.09562997980904202
1.845115	0.09562997980904202
1.8466155	0.09562997980904202
1.848116	0.09562997980904202
1.8496165	0.09562997980904202
1.851117	0.09562997980904202
1.8526175	0.09562997980904202
1.854118	0.09562997980904202
1.8556185	0.09562997980904202
1.857119	0.09562997980904202
1.8586195	0.09562997980904202
1.86012	0.09562997980904202
1.8616205	0.09562997980904202
1.863121	0.09562997980904202
1.8646215	0.09562997980904202
1.866122	0.09562997980904202
1.8676225	0.09562997980904202
1.869123	0.09562997980904202
1.8706235	0.09562997980904202
1.872124	0.09562997980904202
1.8736245	0.09562997980904202
1.875125	0.09562997980904202
1.8766255	0.09562997980904202
1.878126	0.09562997980904202
1.8796265	0.09562997980904202
1.881127	0.09562997980904202
1.8826275	0.09562997980904202
1.884128	0.09562997980904202
1.8856285	0.09562997980904202
1.887129	0.09562997980904202
1.8886295	0.09562997980904202
1.89013	0.09562997980904202
1.8916305	0.09562997980904202
1.893131	0.09562997980904202
1.8946315	0.09562997980904202
1.896132	0.09562997980904202
1.8976325	0.09562997980904202
1.899133	0.09562997980904202
1.9006335	0.09562997980904202
1.902134	0.09562997980904202
1.9036345	0.09562997980904202
1.905135	0.09562997980904202
1.9066355	0.09562997980904202
1.908136	0.09562997980904202
1.9096365	0.09562997980904202
1.911137	0.09562997980904202
1.9126375	0.09562997980904202
1.914138	0.0948348081971518
1.9156385	0.09401483189665781
1.917139	0.09320027763500265
1.9186395	0.0923911226305105
1.92014	0.09158732587616493
1.9216405	0.0907888691466253
1.923141	0.08999571599121038
1.9246415	0.08920784362824435
1.926142	0.08842522016338111
1.9276425	0.08764781825860969
1.929143	0.08687560601958398
1.9306435	0.08610856066462821
1.932144	0.08534665485573141
1.9336445	0.08458985669854747
1.935145	0.08383813885506546
1.9366455	0.08309147398727439
1.938146	0.08234983931349849
1.9396465	0.08161320293939163
1.941147	0.0808815375269429
1.9426475	0.08015481573814132
1.944148	0.07943301479131107
1.9456485	0.07871610279210609
1.947149	0.07800406151518573
1.9486495	0.0772968545098687
1.9501501	0.07659446355081438
1.9516506	0.07589685674367666
1.9531511	0.0752040158631149
1.9546516	0.07451590445844784
1.9561521	0.07383250886067
1.9576526	0.07315379717543527
1.9591531	0.07247974206473268
1.9606536	0.07181032074688647
1.9621541	0.07114550588388566
1.9636546	0.07048527925038962
1.9651551	0.06982960895205226
1.9666556	0.06917847676353292
1.9681561	0.0685318507904855
1.9696566	0.06788971736390453
1.9711571	0.06725204003310874
1.9726576	0.06661880512909263
1.9741581	0.06598998531384527
1.9756586	0.06536555324935571
1.9771591	0.06474549526661848
1.9786596	0.06412977491495228
1.9801601	0.06351838308168682
1.9816606	0.06291128331614082
1.9831611	0.06230846194930881
1.9846616	0.06170989619951499
1.9861621	0.06111555417241325
1.9876626	0.06052542675533328
1.9891631	0.05993948205392896
1.9906636	0.059357697286524506
1.9921641	0.058780058784114436
1.9936646	0.058206539208687805
1.9951651	0.057637120334903966
1.9966656	0.05707177026841681
1.9981661	0.05651047989655603
1.9996666	0.05595322188131067
2.0011671	0.055399973441004925
2.0026676	0.05485071635029819
2.0041681	0.05430542782751464
2.0056686	0.05376408964731365
2.0071691	0.05322667902801943
2.0086696	0.05269317774429135
2.0101701	0.052163558458118445
2.0116706	0.05163780750049526
2.0131711	0.051115897533410816
2.0146716	0.05059781488785965
2.0161721	0.05008353678216598
2.0176726	0.04957304043465399
2.0191731	0.049066312176318225
2.0206736	0.04856332466914772
2.0221741	0.04806405513146669
2.0236746	0.04756849900693997
2.0251751	0.04707661984488629
2.0266756	0.046588408532635336
2.0281761	0.04610384228851132
2.0296766	0.045622898330838435
2.0311771	0.04514555524484144
2.0326776	0.044671804373483545
2.0341781	0.04420161974565434
2.0356786	0.04373498313601317
2.0371791	0.04327187540795241
2.0386796	0.04281227514669678
2.0401801	0.04235616503817268
2.0416806	0.04190352549013894
2.0431811	0.041454337821621404
2.0446816	0.04100858335164592
2.0461821	0.0405662420323378
2.0476826	0.04012729700525694
2.0491831	0.03969172867816217
2.0506836	0.03925951882571285
2.0521841	0.03883064876693484
2.0536846	0.038405099820853966
2.0551851	0.03798285330649611
2.0566856	0.03756389190978764
2.0581861	0.03714819694975442
2.0596866	0.036735750656689325
2.0611871	0.03632653662778579
2.0626876	0.03592053527080263
2.0641881	0.03551772608223163
2.0656886	0.03511809448180028
2.0671891	0.03472162178853444
2.0686896	0.03432829023272698
2.0701901	0.03393808295593781
2.0716906	0.03355098218845983
2.0731911	0.03316697061621941
2.0746916	0.03278603092514298
2.0761921	0.03240814625679042
2.0776926	0.03203329929708815
2.0791931	0.03166147364322958
2.0806936	0.031292651525507614
2.0821941	0.03092681699674918
2.0836946	0.03056395274288068
2.0851951	0.03020404281672906
2.0866956	0.02984707035985423
2.0881961	0.029493019425083134
2.0896966	0.02914187315397569
2.0911971	0.02879361559935884
2.0926976	0.02844822899152546
2.0941981	0.028105703762171724
2.0956986	0.027766014851454256
2.0971991	0.027429152691069228
2.0986996	0.027095101789477095
2.1002001	0.02676384301007019
2.1017006	0.026435363595110072
2.1032011	0.026109647141790166
2.1047016	0.025786676791670387
2.1062021	0.025466440698279327
2.1077026	0.025148921547543376
2.1092031	0.024834104759190033
2.1107036	0.02452197484167975
2.1122041	0.024212517670373537
2.1137046	0.023905717298098348
2.1152051	0.0236015600558487
2.1167056	0.02330002908518451
2.1182061	0.023001112084000838
2.1197066	0.02270479447202519
2.1212071	0.02241106121335153
2.1227076	0.022119895449539784
2.1242081	0.02183128624538556
2.1257086	0.0215452171980823
2.1272091	0.02126167509425803
2.1287096	0.020980645353640248
2.1302101	0.02070211521849051
2.1317106	0.020426070108536306
2.1332111	0.020152493620971067
2.1347116	0.019881371631155803
2.1362121	0.019612688191917457
2.1377126	0.019346436924386805
2.1392131	0.01908259823632267
2.1407136	0.01882116073688714
2.1422141	0.01856210984580773
2.1437146	0.01830543280534598
2.1452151	0.018051114579595875
2.1467156	0.017799142410818963
2.1482161	0.017549503085643285
2.1497166	0.017302189769566108
2.1512171	0.01705717603584351
2.1527176	0.01681445413870572
2.1542181	0.01657401633238297
2.1557186	0.01633584029083298
2.1572191	0.016099917357018947
2.1587196	0.015866233861935405
2.1602201	0.015634777503477415
2.1617206	0.015405542814042788
2.1632211	0.015178501544353544
2.1647216	0.01495364822680749
2.1662221	0.01473097374873431
2.1677226	0.014510452594657115
2.1692231	0.014292086587109969
2.1707236	0.014075857500752237
2.1722241	0.013861753033478988
2.1737246	0.013649760427551783
2.1752251	0.013439866925232174
2.1767256	0.013232061135682266
2.1782261	0.013026334857498772
2.1797266	0.012822663486471837
2.1812271	0.01262104474443388
2.1827276	0.012421462684211845
2.1842281	0.012223907281868384
2.1857286	0.012028363957130991
2.1872291	0.011834821774795284
2.1887296	0.01164327116655743
2.1902301	0.01145369846341195
2.1917306	0.011266094097055014
2.1932311	0.0110804430315806
2.1947316	0.010896735243051353
2.1962321	0.010714961163163447
2.1977326	0.010535106667277885
2.1992331	0.010357161731457318
2.2007336	0.01018112179936659
2.2022341	0.010006961811162327
2.2037346	0.00983468267811156
2.2052351	0.009664267997407721
2.2067356	0.00949570956764752
2.2082361	0.009328996909260097
2.2097366	0.009164119087041065
2.2112371	0.009001066988320114
2.2127376	0.008839830589159887
2.2142381	0.00868039986562304
2.2157386	0.008522765249405739
2.2172391	0.008366916716570636
2.2187396	0.008212845154447411
2.2202401	0.008060540539098717
2.2217406	0.007909993757854235
2.2232411	0.007761195698043649
2.2247416	0.007614137246996641
2.2262421	0.007468808380775863
2.2277426	0.007325202264878576
2.2292431	0.007183306597199852
2.2307436	0.007043112720702889
2.2322441	0.006904614712151981
2.2337446	0.006767797535641104
2.2352451	0.006632655267934553
2.2367456	0.006499178340728495
2.2382461	0.006367358552619643
2.2397466	0.006237184968403616
2.2412471	0.006108653031745256
2.2427476	0.005981740872235801
2.2442481	0.005856449401142284
2.2457486	0.005732767683260323
2.2472491	0.005610684783385537
2.2487496	0.005490187943779484
2.2502501	0.005371276253175129
2.2517506	0.00525393695383403
2.2532511	0.005138157743651257
2.2547516	0.005023930421223525
2.2562521	0.004911245873880519
2.2577526	0.004800091799517307
2.2592531	0.004690464097432247
2.2607536	0.0045823500098868975
2.2622541	0.004475742565688463
2.2637546	0.004370629462732016
2.2652551	0.004267002454050919
2.2667556	0.004164851925777987
2.2682561	0.004064166714892082
2.2697566	0.003964940761467443
2.2712571	0.0038671637226232593
2.2727576	0.0037708245264650945
2.2742581	0.0036759227173594347
2.2757586	0.003582441892499708
2.2772591	0.003490374807313011
2.2787596	0.003399713123706005
2.2802601	0.0033104473189382072
2.2817606	0.003222568644846113
2.2832611	0.003136067988759406
2.2847616	0.0030509366025145814
2.2862621	0.0029671670137219777
2.2877626	0.0028847479682337545
2.2892631	0.0028036724492937664
2.2907636	0.0027239324377521345
2.2922641	0.0026455189120652453
2.2937646	0.0025684234430130544
2.2952651	0.0024926371913053546
2.2967656	0.0024181527301158365
2.2982661	0.0023449615846611056
2.2997666	0.002273054368890735
2.3012671	0.0022024238382318223
2.3027676	0.002133061563464324
2.3042681	0.0020649592520582513
2.3057686	0.001998109112680483
2.3072691	0.0019325031261811397
2.3087696	0.0018681325899600684
2.3102701	0.0018049905783878279
2.3117706	0.0017430681154841556
2.3132711	0.0016823582756196106
2.3147716	0.0016228535408411807
2.3162721	0.0015645465298859094
2.3177726	0.0015074287224070494
2.3192731	0.0014514942862955977
2.3207736	0.0013967356580351915
2.3222741	0.001343145456362873
2.3237746	0.0012907173935361236
2.3252751	0.0012394447717422603
2.3267756	0.001189321075422006
2.3282761	0.0011403394700726225
2.3297766	0.0010924933034447784
2.3312771	0.001045776788992822
2.3327776	0.0010001800850328107
2.3342781	0.0009557037838883151
2.3357786	0.0009123349911308363
2.3372791	0.0008700724765498813
2.3387796	0.000828905350504421
2.3402801	0.0007888260494780918
2.3417806	0.0007498355303012774
2.3432811	0.0007119222654460261
2.3447816	0.0006750756842147698
2.3462821	0.0006392926427362491
2.3477826	0.0006045661698176712
2.3492831	0.0005708892031395402
2.3507836	0.0005382500784838499
2.3522841	0.0005066437383185743
2.3537846	0.00047606922581332987
2.3552851	0.00044651477651073707
2.3567856	0.0004179736880417775
2.3582861	0.00039043342592842966
2.3597866	0.0003638975532247875
2.3612871	0.0003383552167405033
2.3627876	0.0003137971169955181
2.3642881	0.0002902189254714311
2.3657886	0.00026761309232088454
2.3672891	0.00024597343915340323
2.3687896	0.0002252909945450597
2.3702901	0.00020556171702656827
2.3717906	0.0001867798291649477
2.3732911	0.00016893779478184564
2.3747916	0.0001520286700224802
2.3762921	0.00013604798512206078
2.3777926	0.00012098748400127985
2.3792931	0.00010684103838934903
2.3807936	0.00009360410106377995
2.3822941	0.00008126890347312712
2.3837946	0.00006983014204326582
2.3852951	0.000059281501693666154
2.3867956	0.00004961753760381352
2.3882961	0.00004083179937002378
2.3897966	0.00003291849725721084
2.3912971	0.00002587117493845486
2.3927976	0.000019684763490891833
2.3942981	0.000014352677643316927
2.3957986	9.869499457592983e-6
2.3972991	6.2292004466715715e-6
2.3987996	3.4260205372084562e-6
2.4003001	1.4540251937861814e-6
2.4018006	3.07353201532662e-7
2.4033011	-2.0112945998694403e-8
2.4048016	4.6391661424149025e-7
2.4063021	1.7559633641235062e-6
2.4078026	3.851741621631616e-6
2.4093031	6.745636432696391e-6
2.4108036	0.000010433712718458048
2.4123041	0.000014910417718822077
2.4138046	0.000020170398195610557
2.4153051	0.000026207717699745268
2.4168056	0.00003301706400006473
2.4183061	0.000040592799543077105
2.4198066	0.00004892893867128448
2.4213071	0.000058020317234418005
2.4228076	0.00006786153187461303
2.4243081	0.00007844704208831661
2.4258086	0.00008977188602654097
2.4273091	0.00010183091047422166
2.4288096	0.00011461797804789993
2.4303101	0.00012812886046854858
2.4318106	0.00014235932490080518
2.4333111	0.0001573026416376404
2.4348116	0.00017295480110411462
2.4363121	0.00018931084145123997
2.4378126	0.00020636503992205733
2.4393131	0.00022411474928583938
2.4408136	0.00024255199139972333
2.4423141	0.0002616735859417685
2.4438146	0.00028147589240018304
2.4453151	0.0003019527916168488
2.4468156	0.0003231005884039523
2.4483161	0.0003449139427366874
2.4498166	0.00036738745991422633
2.4513171	0.0003905204109229437
2.4528176	0.0004143053324858496
2.4543181	0.00043873364502384024
2.4558186	0.0004638099504354259
2.4573191	0.000489524584733735
2.4588196	0.0005158758301804129
2.4603201	0.0005428572167795341
2.4618206	0.0005704663296734646
2.4633211	0.0005987007995679218
2.4648216	0.0006275501013286893
2.4663221	0.0006570140071390091
2.4678226	0.0006870890997475122
2.4693231	0.0007177749235206828
2.4708236	0.0007490614545211719
2.4723241	0.0007809505152830427
2.4738246	0.0008134339499663613
2.4753251	0.0008465077489961882
2.4768256	0.000880173051456313
2.4783261	0.0009144267134754762
2.4798266	0.0009492601691435795
2.4813271	0.0009846714592365048
2.4828276	0.0010206588523468917
2.4843281	0.001057218384463152
2.4858286	0.0010943520148094042
2.4873291	0.0011320426115654515
2.4888296	0.0011702996063450725
2.4903301	0.0012091116083103705
2.4918306	0.0012484796198550805
2.4933311	0.001288397170983277
2.4948316	0.0013288597964865045
2.4963321	0.0013698640791133942
2.4978326	0.0014114055992188418
2.4993331	0.0014534803472279084
2.5008336	0.0014960834478619737
2.5023341	0.0015392094335188473
2.5038346	0.0015828525632162291
2.5053351	0.0016270089185058834
2.5068356	0.0016716692044640856
2.5083361	0.0017168279990519978
2.5098366	0.0017624785133302328
2.5113371	0.0018086137305426467
2.5128376	0.0018552243557655157
2.5143381	0.0019023070173108225
2.5158386	0.0019498520557480303
2.5173391	0.001997851634180667
2.5188396	0.0020462981435290166
2.5203401	0.002095183792459959
2.5218406	0.0021444995138665273
2.5233411	0.002194241753807298
2.5248416	0.0022444024020056895
2.5263421	0.0022949745783956113
2.5278426	0.0023459499448837237
2.5293431	0.0023973254031621175
2.5308436	0.0024490947566149788
2.5323441	0.0025012496671489664
2.5338446	0.0025537904537075405
2.5353451	0.0026067165695304838
2.5368456	0.0026600209978616504
2.5383461	0.0027136985900423124
2.5398466	0.002767750940789774
2.5413471	0.002822173949402393
2.5428476	0.0028769603257439154
2.5443481	0.0029321164942469158
2.5458486	0.002987637397379367
2.5473491	0.0030435168840888044
2.5488496	0.0030997558200789098
2.5503501	0.0031563552077434167
2.5518506	0.003213310126240354
2.5533511	0.0032706183885288466
2.5548516	0.0033282799490455418
2.5563521	0.00338628706202067
2.5578526	0.0034446458329433437
2.5593531	0.0035033538469559293
2.5608536	0.003562406866666729
2.5623541	0.003621798103136357
2.5638546	0.00368153065467272
2.5653551	0.0037415978690264868
2.5668556	0.0038019978781002424
2.5683561	0.0038627256243619615
2.5698566	0.003923783932739441
2.5713571	0.0039851680190807655
2.5728576	0.004046876698738793
2.5743581	0.004108903000520731
2.5758586	0.004171247152243337
2.5773591	0.004233905281021728
2.5788596	0.004296873696224423
2.5803601	0.004360151030950876
2.5818606	0.004423732273232412
2.5833611	0.004487615828351725
2.5848616	0.004551798598000908
2.5863621	0.004616275570211286
2.5878626	0.004681045697025771
2.5893631	0.004746104695489317
2.5908636	0.004811449831800827
2.5923641	0.0048770788277927215
2.5938646	0.004942988038396874
2.5953651	0.005009174729812189
2.5968656	0.005075635712604057
2.5983661	0.0051423682529713795
2.5998666	0.005209368705846032
2.6013671	0.0052766347930604356
2.6028676	0.005344163325179977
2.6043681	0.005411951568403563
2.6058686	0.005479996333296581
2.6073691	0.005548294886057938
2.6088696	0.00561684403725302
2.6103701	0.005685641053080735
2.6118706	0.005754683655373502
2.6133711	0.005823968199063193
2.6148716	0.00589349240598223
2.6163721	0.0059632521754289704
2.6178726	0.006033247051769898
2.6193731	0.006103472478669853
2.6208736	0.006173927089228291
2.6223741	0.00624460723837708
2.6238746	0.006315510647948646
2.6253751	0.006386633672874858
2.6268756	0.00645797631315572
2.6283761	0.006529534012456068
2.6298766	0.00660130312570778
2.6313771	0.006673280007842727
2.6328776	0.006745463747593877
2.6343781	0.0068178520667936515
2.6358786	0.006890438586572826
2.6373791	0.0069632223956643735
2.6388796	0.007036200304633678
2.6403801	0.007109372313480743
2.6418806	0.0071827311320693124
2.6433811	0.007256273115331261
2.6448816	0.007329998718900103
2.6463821	0.007403899741372554
2.6478826	0.007477980283450257
2.6493831	0.007552226676127734
2.6508836	0.00762664074193905
2.6523841	0.0077012165576485
2.6538846	0.007775951389454985
2.6553851	0.007850842503557415
2.6568856	0.007925885799254143
2.6583861	0.008001076720210012
2.6598866	0.008076407976288768
2.6613871	0.008151878200589862
2.6628876	0.008227481925511107
2.6643881	0.0083032191510525
2.6658886	0.008379078030742629
2.6673891	0.008455060387115557
2.6688896	0.008531154373699874
2.6703901	0.00860736409119722
2.6718906	0.008683679971303765
2.6733911	0.008760101558385988
2.6748916	0.008836622929208187
2.6763921	0.008913241349969264
2.6778926	0.00898995499813516
2.6793931	0.009066762051171807
2.6808936	0.00914365567457647
2.6823941	0.009220637235249693
2.6838946	0.009297702632489836
2.6853951	0.009374856878265574
2.6868956	0.009452096783142296
2.6883961	0.009529422802753516
2.6898966	0.009606836759633296
2.6913971	0.009684341387582734
2.6928976	0.009761938053502379
2.6943981	0.00983962994682684
2.6958986	0.00991741889009018
2.6973991	0.009995308983994042
2.6988996	0.010073303873606552
2.7004001	0.010151407659629358
2.7019006	0.010229621253329484
2.7034011	0.010307951033576157
2.7049016	0.010386397456002892
2.7064021	0.01046496462131133
2.7079026	0.010543652985134992
2.7094031	0.010622466648175516
2.7109036	0.01070140469916587
2.7124041	0.010780465771205507
2.7139046	0.010859654876263105
2.7154051	0.010938968824904052
2.7169056	0.011018410350929438
2.7184061	0.011097969886035437
2.7199066	0.011177651530923684
2.7214071	0.01125744936235848
2.7229076	0.01133736019090521
2.7244081	0.011417384927830905
2.7259086	0.011497516738632831
2.7274091	0.01157775744584505
2.7289096	0.01165810112623185
2.7304101	0.011738543223458082
2.7319106	0.011819078725555064
2.7334111	0.011899703076187642
2.7349116	0.011980417642256361
2.7364121	0.012061215133624965
2.7379126	0.012142089627057755
2.7394131	0.012223039300020661
2.7409136	0.012304060963079072
2.7424141	0.012385150971164865
2.7439146	0.01246630021160772
2.7454151	0.012547515518910375
2.7469156	0.012628787780402516
2.7484161	0.01271011335101601
2.7499166	0.012791490863850313
2.7514171	0.012872918040737848
2.7529176	0.012954389869709936
2.7544181	0.013035904528232516
2.7559186	0.013117458826870978
2.7574191	0.013199048664923675
2.7589196	0.013280672219856546
2.7604201	0.013362329491669593
2.7619206	0.013444016379661172
2.7634211	0.0135257306056637
2.7649216	0.013607469891509601
2.7664221	0.013689229225230203
2.7679226	0.013771011340626598
2.7694231	0.01385281122573011
2.7709236	0.013934626146739645
2.7724241	0.014016455648021689
2.7739246	0.014098296995775146
2.7754251	0.014180147456198918
2.7769256	0.014262005662392462
2.7784261	0.014343869791821713
2.7799266	0.014425738021952603
2.7814271	0.014507608985884593
2.7829276	0.014589479038549546
2.7844281	0.014671347724313956
2.7859286	0.014753212765010237
2.7874291	0.014835072793737844
2.7889296	0.014916925532329197
2.7904301	0.014998770069517265
2.7919306	0.015080604127134467
2.7934311	0.015162426338280258
2.7949316	0.015244234424787055
2.7964321	0.01532602747538783
2.7979326	0.015407803211915
2.7994331	0.015489560267468021
2.8009336	0.015571297275146346
2.8024341	0.01565301286804942
2.8039346	0.01573470431237616
2.8054351	0.015816371152493038
2.8069356	0.015898011565865997
2.8084361	0.015979623729960972
2.8099366	0.016061206733510934
2.8114371	0.016142758298348298
2.8129376	0.016224277513206035
2.8144381	0.016305762555550087
2.8159386	0.01638721251411341
2.8174391	0.016468625110728437
2.8189396	0.016549999889761646
2.8204401	0.016631334117411942
2.8219406	0.016712626882412297
2.8234411	0.016793878184762707
2.8249416	0.016875085290662076
2.8264421	0.01695624592194283
2.8279426	0.017037360534238478
2.8294431	0.017118427760648477
2.8309436	0.01719944486737173
2.8324441	0.017280411854408238
2.8339446	0.017361326443590425
2.8354451	0.017442187268017734
2.8369456	0.017522995238957204
2.8384461	0.017603745800073678
2.8399466	0.017684439407000666
2.8414471	0.017765074692837623
2.8429476	0.017845647101249393
2.8444481	0.017926150709000263
2.8459486	0.01800659417312704
2.8474491	0.01808697157039402
2.8489496	0.01816728335643471
2.8504502	0.018247529075615603
2.8519507	0.018327704627235052
2.8534512	0.018407812289460635
2.8549517	0.01848784796159071
2.8564522	0.018567813466159346
2.8579527	0.01864770424683138
2.8594532	0.018727520303606807
2.8609537	0.01880725935831806
2.8624542	0.018886920955331607
2.8639547	0.01896650509464746
2.8654552	0.019046005853029912
2.8669557	0.019125426875547084
2.8684562	0.01920476087206273
2.8699567	0.019284011032011453
2.8714572	0.019363174165958643
2.8729577	0.019442249362637276
2.8744582	0.019521234343879763
2.8759587	0.019600128654052598
2.8774592	0.019678929559354675
2.8789597	0.019757637515419518
2.8804602	0.01983625069971306
2.8819607	0.01991476683406772
2.8834612	0.019993185918483505
2.8849617	0.02007150567479283
2.8864622	0.020149726102995695
2.8879627	0.02022784492492452
2.8894632	0.02030586122931228
2.8909637	0.02038377456052545
2.8924642	0.020461583551663488
2.8939647	0.020539287291459363
2.8954652	0.020616884413012522
2.8969657	0.02069437491632297
2.8984662	0.020771756523223123
2.8999667	0.020849028778079468
2.9014672	0.020926191225258496
2.9029677	0.021003242497859644
2.9044682	0.02108018259588293
2.9059687	0.021157009241160755
2.9074692	0.021233723344960168
2.9089697	0.021310323084747094
2.9104702	0.021386807549254507
2.9119707	0.02146317719411592
2.9134712	0.02153943065243079
2.9149717	0.021615566557298568
2.9164722	0.021691585819986287
2.9179727	0.02176748661795987
2.9194732	0.021843269406852852
2.9209737	0.021918932819764675
2.9224742	0.02199447685669534
2.9239747	0.022069901517644847
2.9254752	0.02214519996811046
2.9269757	0.022220382232029528
2.9284762	0.022295441019265796
2.9299767	0.02237037906362036
2.9314772	0.02244519636509322
2.9329777	0.022519889278616246
2.9344782	0.02259445917108999
2.9359787	0.0226689046756139
2.9374792	0.022743225336554464
2.9389797	0.02281742297644574
2.9404802	0.02289149303895258
2.9419807	0.022965434612807943
2.9434812	0.02303924997617941
2.9449817	0.023112937762166434
2.9464822	0.023186497515135504
2.9479827	0.023259927868186064
2.9494832	0.023333228365684605
2.9509837	0.023406394906929476
2.9524842	0.023479432048255845
2.9539847	0.023552337967129643
2.9554852	0.02362510947411626
2.9569857	0.023697747024849215
2.9584862	0.023770247429893893
2.9599867	0.023842614789951935
2.9614872	0.023914845004321703
2.9629877	0.023986938073003197
2.9644882	0.024058893540362895
2.9659887	0.024130709583866743
2.9674892	0.0242023852922477
2.9689897	0.02427392112113929
2.9704902	0.02434531524800744
2.9719907	0.024416568128485677
2.9734912	0.0244876770287729
2.9749917	0.024558643315769655
2.9764922	0.024629464255674846
2.9779927	0.02470014075975551
2.9794932	0.024770671005477578
2.9809937	0.024841054992841057
2.9824942	0.024911291354945395
2.9839947	0.02498138009179059
2.9854952	0.02505132074774313
2.9869957	0.02512111058900192
2.9884962	0.025190750982467498
2.9899967	0.02526024101687285
2.9914972	0.02532957978095093
2.9929977	0.02539876636343471
2.9944982	0.02546780030869067
2.9959987	0.025536681161085307
2.9974992	0.025605408464985092
2.9989997	0.025673980853489483
3.0005002	0.025742398782232
3.0020007	0.0258106613399456
3.0035012	0.025878767615363264
3.0050017	0.02594671760848498
3.0065022	0.026014510863677242
3.0080027	0.026082147380940047
3.0095032	0.026149625337739325
3.0110037	0.026216945645342115
3.0125042	0.026284108303748416
3.0140047	0.02635111285732471
3.0155052	0.026417958850437486
3.0170057	0.026484646738720256
3.0185062	0.026551176522173016
3.0200067	0.02661754865642929
3.0215072	0.026683762685855556
3.0230077	0.026749819977352367
3.0245082	0.026815721897820263
3.0260087	0.026881464802191123
3.0275092	0.02694705506933417
3.0290097	0.02701249087671534
3.0305102	0.02707777541376924
3.0320107	0.027142908224862355
3.0335112	0.027207892043795784
3.0350117	0.02727272960437062
3.0365122	0.027337422273487403
3.0380127	0.02740197324058076
3.0395132	0.027466384783818257
3.0410137	0.027530660548268027
3.0425142	0.027594802356464134
3.0440147	0.027658815220375253
3.0455152	0.02772270232943599
3.0470157	0.027786469151248536
3.0485162	0.02785011523017938
3.0500167	0.027913644211296648
3.0515172	0.02797706065093549
3.0530177	0.028040365460362954
3.0545182	0.028103560462113087
3.0560187	0.0281666456561859
3.0575192	0.02822962104258139
3.0590197	0.028292486621299552
3.0605202	0.02835523282403656
3.0620207	0.028417857372624828
3.0635212	0.028480352521294598
3.0650217	0.028542709613009056
3.0665222	0.028604918623830855
3.0680227	0.02866696725165507
3.0695232	0.028728843650010286
3.0710237	0.028790538250592676
3.0725242	0.02885203465059566
3.0740247	0.02891332419298244
3.0755252	0.028974394575648092
3.0770257	0.029035237597189324
3.0785262	0.02909584460056934
3.0800267	0.029156210573819463
3.0815272	0.02921633050497101
3.0830277	0.029276202571489933
3.0845282	0.029335822217041067
3.0860287	0.0293951949092266
3.0875292	0.029454320192413015
3.0890297	0.029513200344767895
3.0905302	0.029571836733191786
3.0920307	0.029630234369653362
3.0935312	0.029688396899220752
3.0950317	0.029746327966962086
3.0965322	0.02980403121794548
3.0980327	0.02986150710780446
3.0995332	0.02991876566047637
3.1010337	0.029975807331594728
3.1025342	0.030032635310594146
3.1040347	0.030089252786909233
3.1055352	0.030145662949974603
3.1070357	0.03020186762232431
3.1085362	0.030257869082125948
3.1100367	0.030313670518814118
3.1115372	0.030369273299289373
3.1130377	0.030424678790452252
3.1145382	0.030479888814836827
3.1160387	0.030534904739343643
3.1175392	0.03058972747523973
3.1190397	0.03064435838942564
3.1205402	0.030698797937534886
3.1220407	0.03075304794210153
3.1235412	0.03080710794749206
3.1250417	0.030860978864973507
3.1265422	0.030914661605812892
3.1280427	0.030968157081277266
3.1295432	0.031021464835733096
3.1310437	0.03107458532481391
3.1325442	0.031127519459786732
3.1340447	0.03118026769628508
3.1355452	0.031232829578675438
3.1370457	0.03128520601822484
3.1385462	0.03133739655929977
3.1400467	0.03138940211316726
3.1415472	0.031441222224193786
3.1430477	0.031492857803646385
3.1445482	0.03154430839589154
3.1460487	0.03159557445656278
3.1475492	0.03164665598566009
3.1490497	0.03169755343881699
3.1505502	0.03174826681603348
3.1520507	0.03179879566167604
3.1535512	0.03184914134264523
3.1550517	0.031899302947674
3.1565522	0.03194928093239588
3.1580527	0.03199907575244438
3.1595532	0.03204868649655248
3.1610537	0.0320981145316207
3.1625542	0.03214735894638204
3.1640547	0.032196420196469996
3.1655552	0.032245298737518094
3.1670557	0.03229399365825929
3.1685562	0.03234250586996063
3.1700567	0.03239083491698859
3.1715572	0.03243898034370966
3.1730577	0.032486942605757345
3.1745582	0.03253472124749813
3.1760587	0.032582316268932036
3.1775592	0.03262972721442552
3.1790597	0.03267695362834508
3.1805602	0.03272399459942369
3.1820607	0.032770850583294854
3.1835612	0.03281752066869154
3.1850617	0.03286400348871321
3.1865622	0.032910298587726344
3.1880627	0.03295640459883039
3.1895632	0.03300232106639184
3.1910637	0.03304804616787662
3.1925642	0.03309357944765122
3.1940647	0.033138918627548065
3.1955652	0.0331840623406666
3.1970657	0.03322900922010628
3.1985662	0.033273758810233596
3.2000667	0.033318308832880957
3.2015672	0.033362659288048366
3.2030677	0.03340680789756825
3.2045682	0.03345075511707413
3.2060687	0.033494501857833016
3.2075692	0.03353804766421141
3.2090697	0.03358139435874337
3.2105702	0.033624543308329445
3.2120707	0.03366749770240424
3.2135712	0.03371026027476886
3.2150717	0.033752835581758456
3.2165722	0.033795225445907094
3.2180727	0.03383743533481697
3.2195732	0.03387947026045675
3.2210737	0.03392133432352808
3.2225742	0.033963032080366114
3.2240747	0.03400456717603899
3.2255752	0.03404594371124834
3.2270757	0.03408716441979527
3.2285762	0.0341282302129468
3.2300767	0.03416914701393864
3.2315772	0.03420991436713728
3.2330777	0.034250532728176235
3.2345782	0.034291002552689014
3.2360787	0.03433132475194265
3.2375792	0.03437149887030363
3.2390797	0.03441152445213844
3.2405802	0.03445140104181356
3.2420807	0.03449112681679493
3.2435812	0.034530702688349575
3.2450817	0.034570126833943435
3.2465822	0.03460939834230949
3.2480827	0.034648516757814204
3.2495832	0.034687481169190564
3.2510837	0.03472629112080504
3.2525842	0.034764945701390604
3.2540847	0.03480344445531374
3.2555852	0.03484178692694094
3.2570857	0.03487997220500517
3.2585862	0.03491800120077345
3.2600867	0.03495587118044469
3.2615872	0.03499358487781999
3.2630877	0.03503114047036529
3.2645882	0.03506853750244706
3.2660887	0.03510577642969884
3.2675892	0.035142857252120595
3.2690897	0.03517977996971235
3.2705902	0.035216544582474106
3.2720907	0.03525315109040585
3.2735912	0.035289599949141104
3.2750917	0.035325890703046356
3.2765922	0.03536202380775512
3.2780927	0.03539800017453442
3.2795932	0.03543381843648372
3.2810937	0.03546947996050356
3.2825942	0.035504984746593936
3.2840947	0.03554033325038838
3.2855952	0.03557552501625336
3.2870957	0.035610560955455915
3.2885962	0.035645441523629556
3.2900967	0.035680166720774294
3.2915972	0.03571473654689011
3.2930977	0.035749151913244064
3.2945982	0.035783412364202606
3.2960987	0.03581751926666631
3.2975992	0.03585147262063517
3.2990997	0.03588527197047566
3.3006002	0.03591891868308834
3.3021007	0.03595241230283969
3.3036012	0.03598575374099673
3.3051017	0.03601894299755948
3.3066022	0.03605198098379496
3.3081027	0.03608486769970317
3.3096032	0.036117603600917626
3.3111037	0.03615018959870537
3.3126042	0.03618262432616584
3.3141047	0.036214910061466626
3.3156052	0.03624704634897421
3.3171057	0.036279034099955615
3.3186062	0.036310872858777335
3.3201067	0.03634256399233991
3.3216072	0.03637410750064335
3.3231077	0.03640550383932117
3.3246082	0.03643675346400686
3.3261087	0.036467856830333975
3.3276092	0.03649881439393601
3.3291097	0.03652962661044648
3.3306102	0.03656029393549891
3.3321107	0.03659081728036032
3.3336112	0.03662119664503072
3.3351117	0.03665143248514362
3.3366122	0.036681525711966055
3.3381127	0.03671147723676505
3.3396132	0.0367412866039071
3.3411137	0.036770955180292754
3.3426142	0.036800482965922
3.3441147	0.03682987041642835
3.3456152	0.03685911889871237
3.3471157	0.03688822886840757
3.3486162	0.03691720078114745
3.3501167	0.03694603463693204
3.3516172	0.03697473134702835
3.3531177	0.037003292278336916
3.3546182	0.037031715608323704
3.3561187	0.037060004070789784
3.3576192	0.037088156298834635
3.3591197	0.03711617320372527
3.3606202	0.03714405524109521
3.3621207	0.03717180104404389
3.3636212	0.03719941061257135
3.3651217	0.03722688440231107
3.3666222	0.03725422195762955
3.3681227	0.037281422367259766
3.3696232	0.037308486086835214
3.3711237	0.037335412205088875
3.3726242	0.03736220026638724
3.3741247	0.0373888502707303
3.3756252	0.037415362218118066
3.3771257	0.03744173565291703
3.3786262	0.03746797103076069
3.3801267	0.037494067896015566
3.3816272	0.03752002715994867
3.3831277	0.03754584882256005
3.3846282	0.03757153333948319
3.3861287	0.0375970820776187
3.3876292	0.03762249458133306
3.3891297	0.037647771761893344
3.3906302	0.03767291453056664
3.3921307	0.03769792379862004
3.3936312	0.03772280002168714
3.3951317	0.0377475450223021
3.3966322	0.037772157433564546
3.3981327	0.037796639533642234
3.3996332	0.037820991778168944
3.4011337	0.03784521416714503
3.4026342	0.03786930761183797
3.4041347	0.03789327256788189
3.4056352	0.03791710949091114
3.4071357	0.037940819747827315
3.4086362	0.037964403338631866
3.4101367	0.0379878602633267
3.4116372	0.03801119188881489
3.4131377	0.03803439867073333
3.4146382	0.03805748015345292
3.4161387	0.0380804377038802
3.4176392	0.03810327177765649
3.4191397	0.03812598191915874
3.4206402	0.038148569495301335
3.4221407	0.038171034506102604
3.4236412	0.03819337740722044
3.4251417	0.03821559865432059
3.4266422	0.038237698703079324
3.4281427	0.038259678009186796
3.4296432	0.038281537028351534
3.4311437	0.03830327621630636
3.4326442	0.03832489557318273
3.4341447	0.03834639555478809
3.4356452	0.03836777707261952
3.4371457	0.03838904012698123
3.4386462	0.03841018562954239
3.4401467	0.038431213125200724
3.4416472	0.03845212398155852
3.4431477	0.03847291774390869
3.4446482	0.038493595324740906
3.4461487	0.03851415718130139
3.4476492	0.03853460331571657
3.4491497	0.03855493418642232
3.4506502	0.03857515070837679
3.4521507	0.03859525288643971
3.4536512	0.0386152416382721
3.4551517	0.038635116516648804
3.4566522	0.03865487844388773
3.4581527	0.0386745278901362
3.4596532	0.038694065330077694
3.4611537	0.038713490788697597
3.4626542	0.038732805210010476
3.4641547	0.03875200818126773
3.4656552	0.03877110158111878
3.4671557	0.03879008457165616
3.4686562	0.03880895815996804
3.4701567	0.03882772292671706
3.4716572	0.03884637903486754
3.4731577	0.038864927607855114
3.4746582	0.03888336892159352
3.4761587	0.03890170379001173
3.4776592	0.03891993313343076
3.4791597	0.038938057553590484
3.4806602	0.038956078739503776
3.4821607	0.03897399769497312
3.4836612	0.038991815712796814
3.4851617	0.039009535365660014
3.4866622	0.03902715878396074
3.4881627	0.039044689147501345
3.4896632	0.03906212993023035
3.4911637	0.03907948600340519
3.4926642	0.039096763414560635
3.4941647	0.03911396876089961
3.4956652	0.03913111226303156
3.4971657	0.03914820406316145
3.4986662	0.03916525878479888
3.5001667	0.03918229285586784
3.5016672	0.03919932869717082
3.5031677	0.03921638888729823
3.5046682	0.039233504364299954
3.5061687	0.039250709690915285
3.5076692	0.039268044747217574
3.5091697	0.03928555255135984
3.5106702	0.039303279555538057
3.5121707	0.03932126952354656
3.5136712	0.039339557682107965
3.5151717	0.03935816043737113
3.5166722	0.03937705579796117
3.5181727	0.03939615740665636
3.5196732	0.03941527369356823
3.5211737	0.039434047564982144
3.5226742	0.03945187357678435
3.5241747	0.039467784218078665
3.5256752	0.03948030146290686
3.5271757	0.03948726326135019
3.5286762	0.03948563316823797
3.5301767	0.039471344420815756
3.5316772	0.03943924745384032
3.5331777	0.03938327727925832
3.5346782	0.039296954450567995
3.5361787	0.039174288673894754
3.5376792	0.0390110001652547
3.5391797	0.038805759781517485
3.5406802	0.03856097428866832
3.5421807	0.038282720851059465
3.5436812	0.03797972412659621
3.5451817	0.037661745811268264
3.5466822	0.03733795333834029
3.5481827	0.03701577242187498
3.5496832	0.03670040059707831
3.5511837	0.03639488809927018
3.5526842	0.036100545755381776
3.5541847	0.03581745428492255
3.5556852	0.03554493971164325
3.5571857	0.0352819308942683
3.5586862	0.035027217682238376
3.5601867	0.03477960007812102
3.5616872	0.03453797575829535
3.5631877	0.03430137919887813
3.5646882	0.03406899073185731
3.5661887	0.033840129155552956
3.5676892	0.033614234640623686
3.5691897	0.03339086104136247
3.5706902	0.033169648621114226
3.5721907	0.032950311258221
3.5736912	0.032732624743374183
3.5751917	0.032516410813051407
3.5766922	0.032301531400612316
3.5781927	0.032087878317767285
3.5796932	0.031875366315858404
3.5811937	0.031663925624269285
3.5826942	0.03145351423795009
3.5841947	0.031244087345257684
3.5856952	0.031035609358558595
3.5871957	0.030828061493606833
3.5886962	0.030621426098592093
3.5901967	0.030415685906043044
3.5916972	0.030210830846546
3.5931977	0.03000684684979961
3.5946982	0.029803730324760174
3.5961987	0.029601477253127135
3.5976992	0.029400072381255186
3.5991997	0.029199517672713286
3.6007002	0.02899981115629184
3.6022007	0.028800948145033832
3.6037012	0.028602920667595358
3.6052017	0.02840572877277253
3.6067022	0.028209377729934006
3.6082027	0.028013853830336697
3.6097032	0.027819166267151123
3.6112037	0.027625310655800407
3.6127042	0.027432278580164955
3.6142047	0.02724007170045137
3.6157052	0.02704868488203687
3.6172057	0.026858126233686615
3.6187062	0.026668383838999943
3.6202067	0.02647946129027383
3.6217072	0.026291355813904443
3.6232077	0.0261040673798812
3.6247082	0.02591759049798366
3.6262087	0.025731926062437776
3.6277092	0.02554707269350878
3.6292097	0.025363027647732943
3.6307102	0.025179790462204275
3.6322107	0.02499735930891697
3.6337112	0.0248157319055878
3.6352117	0.024634907337855002
3.6367122	0.02445488423649165
3.6382127	0.02427566077721535
3.6397132	0.024097235136178525
3.6412137	0.023919605945494
3.6427142	0.023742771837520344
3.6442147	0.023566729166633216
3.6457152	0.023391477021148115
3.6472157	0.02321701312258418
3.6487162	0.023043337470706388
3.6502167	0.022870446875903835
3.6517172	0.022698343160578394
3.6532177	0.02252701857886117
3.6547182	0.022356472675044366
3.6562187	0.0221867059047058
3.6577192	0.022017716445269692
3.6592197	0.0218495020185372
3.6607202	0.021682059435050288
3.6622207	0.021515387783524402
3.6637212	0.021349484330145312
3.6652217	0.021184350897437254
3.6667222	0.021019980195256607
3.6682227	0.02085637541303248
3.6697232	0.02069353017189153
3.6712237	0.02053144492746419
3.6727242	0.020370117857214088
3.6742247	0.020209546682971917
3.6757252	0.020049730493469357
3.6772257	0.019890667466171384
3.6787262	0.019732356234176716
3.6802267	0.01957479406368374
3.6817272	0.019417983688493123
3.6832277	0.019261915995934267
3.6847282	0.019106593264174507
3.6862287	0.018952016404480725
3.6877292	0.018798179037983562
3.6892297	0.018645081164682935
3.6907302	0.01849272141767821
3.6922307	0.018341099341335827
3.6937312	0.018190213568755203
3.6952317	0.018040061366135212
3.6967322	0.017890642277842306
3.6982327	0.01774195448134242
3.6997332	0.017593996154101475
3.7012337	0.01744676638485242
3.7027342	0.017300263351061197
3.7042347	0.017154486141460763
3.7057352	0.01700943293351705
3.7072357	0.016865102815963026
3.7087362	0.01672149351063111
3.7102367	0.016578604561887787
3.7117372	0.0164364346028325
3.7132377	0.016294982266564704
3.7147382	0.016154245274916823
3.7162387	0.016014228184224013
3.7177392	0.015874914591679702
3.7192397	0.015736318166289363
3.7207402	0.015598434351717844
3.7222407	0.01546126041416404
3.7237412	0.015324791341659287
3.7252417	0.015189029868004671
3.7267422	0.015053974170666135
3.7282427	0.014919621971476097
3.7297432	0.01478597281480104
3.7312437	0.014653025333740417
3.7327442	0.014520777705760164
3.7342447	0.014389228563959739
3.7357452	0.014258376997072102
3.7372457	0.01412822163819671
3.7387462	0.013998761120433013
3.7402467	0.013869994076880466
3.7417472	0.01374191914063852
3.7432477	0.013614534489173113
3.7447482	0.013487838755583695
3.7462487	0.013361832395503781
3.7477492	0.01323651176386525
3.7492497	0.013111876860668097
3.7507503	0.012987926319011774
3.7522508	0.012864658316362219
3.7537513	0.01274207103018537
3.7552518	0.012620164460481226
3.7567523	0.01249893587344869
3.7582528	0.012378385724721278
3.7597533	0.012258511280497897
3.7612538	0.012139310718244483
3.7627543	0.012020784949228069
3.7642548	0.011902928050212945
3.7657553	0.011785745033167786
3.7672558	0.011669229519223376
3.7687563	0.011553381964013223
3.7702568	0.011438201911903815
3.7717573	0.011323687995994603
3.7732578	0.011209836571217463
3.7747583	0.011096646726305358
3.7762588	0.010984120283792358
3.7777593	0.01087225359861033
3.7792598	0.01076104667075928
3.7807603	0.010650497222071622
3.7822608	0.010540606619447907
3.7837613	0.01043136893965243
3.7852618	0.010322786460852771
3.7867623	0.010214860094315957
3.7882628	0.01010758209427222
3.7897633	0.010000954283255628
3.7912638	0.00989497939506727
3.7927643	0.009789650139570897
3.7942648	0.009684965605499472
3.7957653	0.009580932627355737
3.7972658	0.00947755940654298
3.7987663	0.00937481359308157
3.8002668	0.009272710678511044
3.8017673	0.00917124929593086
3.8032678	0.009070428989707502
3.8047683	0.008970247481673386
3.8062688	0.008870704316195
3.8077693	0.00877179994890586
3.8092698	0.0086735325572719
3.8107703	0.00857590123002609
3.8122708	0.008478904600267883
3.8137713	0.008382542667997277
3.8152718	0.008286812243779662
3.8167723	0.008191712871981522
3.8182728	0.008097245008236373
3.8197733	0.008003404096209059
3.8212738	0.007910192414067154
3.8227743	0.007817614518145818
3.8242748	0.0077256553725390305
3.8257753	0.007634333202587424
3.8272758	0.007543621581547078
3.8287763	0.007453528255187764
3.8302768	0.0073640555016770606
3.8317773	0.007275201954114418
3.8332778	0.0071869648786987445
3.8347783	0.007099342452895974
3.8362788	0.0070123328541720435
3.8377793	0.006925934259992891
3.8392798	0.006840144392190935
3.8407803	0.006754960972598598
3.8422808	0.006670382178681817
3.8437813	0.006586405732273009
3.8452818	0.006503028443937567
3.8467823	0.006420249402408457
3.8482828	0.006338066329518101
3.8497833	0.006256475580198371
3.8512838	0.006175475331915205
3.8527843	0.006095056927631799
3.8542848	0.006015231758186052
3.8557853	0.005935991622174678
3.8572858	0.00585733834213174
3.8587863	0.005779258249051761
3.8602868	0.005701754532369353
3.8617873	0.00562482810335155
3.8632878	0.005548475772563738
3.8647883	0.005472693439304273
3.8662888	0.005397484748641286
3.8677893	0.005322838765370393
3.8692898	0.00524876596906246
3.8707903	0.005175262259015845
3.8722908	0.0051023239901624206
3.8737913	0.00502994842870109
3.8752918	0.004958141953501078
3.8767923	0.004886894084991517
3.8782928	0.004816208468240536
3.8797933	0.0047460828250805555
3.8812938	0.004676517155511575
3.8827943	0.004607511459533593
3.8842948	0.004539062593275352
3.8857953	0.004471172971594487
3.8872958	0.004403834575341116
3.8887963	0.004337052507610618
3.8902968	0.004270826950656399
3.8917973	0.004205163280953947
3.8932978	0.00414004710048416
3.8947983	0.0040754893444514195
3.8962988	0.004011483087226283
3.8977993	0.003948027463105072
3.8992998	0.003885122380961082
3.9008003	0.0038227671117806884
3.9023008	0.003760960835423562
3.9038013	0.003699702503932617
3.9053018	0.003638990978224063
3.9068023	0.0035788261671711977
3.9083028	0.003519206521620066
3.9098033	0.0034601309480502313
3.9113038	0.003401599127518231
3.9128043	0.0033436067770690166
3.9143048	0.0032861589542346145
3.9158053	0.003229248596695529
3.9173058	0.0031728798507167535
3.9188063	0.0031170498458071385
3.9203068	0.0030617598577405286
3.9218073	0.003007004418914733
3.9233078	0.0029527832103862913
3.9248083	0.0028990969156054767
3.9263088	0.002845943803164929
3.9278093	0.0027933220960939366
3.9293098	0.0027412326600961792
3.9308103	0.002689671895666882
3.9323108	0.0026386402128762087
3.9338113	0.0025881361536969094
3.9353118	0.0025381590802420607
3.9368123	0.0024887066232173807
3.9383128	0.002439778600369463
3.9398133	0.002391373735924463
3.9413138	0.0023434907996718883
3.9428143	0.0022961287436546528
3.9443148	0.0022492863376622624
3.9458153	0.002202962670427686
3.9473158	0.00215715619279697
3.9488163	0.0021118659479397303
3.9503168	0.002067091024588936
3.9518173	0.0020228298735906324
3.9533178	0.001979081446987734
3.9548183	0.0019358501188619919
3.9563188	0.0018931234504184235
3.9578193	0.0018509071370759775
3.9593198	0.0018091977615832843
3.9608203	0.0017679951416869379
3.9623208	0.001727296999219359
3.9638213	0.0016871052022779626
3.9653218	0.0016474161969213248
3.9668223	0.0016082288896290074
3.9683228	0.001569542733640792
3.9698233	0.001531358594660358
3.9713238	0.0014936718707891953
3.9728243	0.001456479509282748
3.9743248	0.0014197819657745317
3.9758253	0.0013835782834341632
3.9773258	0.0013478666397275787
3.9788263	0.0013126457588809339
3.9803268	0.001277914547373791
3.9818273	0.0012436712737987896
3.9833278	0.0012099234561089413
3.9848283	0.0011766522766400412
3.9863288	0.0011438668936257577
3.9878293	0.0011115615660837914
3.9893298	0.001079737023027767
3.9908303	0.0010483903939665353
3.9923308	0.001017521906716854
3.9938313	0.0009871288730409792
3.9953318	0.0009572113840656142
3.9968323	0.0009277672983132346
3.9983328	0.0008987978915576847
3.9998333	0.0008703003844345177
4.0013338	0.0008422755059573591
4.0028343	0.0008147207045785199
4.0043348	0.0007876329275534439
4.0058353	0.0007610147719931714
4.0073358	0.0007348671947280859
4.0088363	0.0007091870518869279
4.0103368	0.0006839769861440893
4.0118373	0.0006592375898231409
4.0133378	0.0006349667214465578
4.0148383	0.0006111653378447237
4.0163388	0.0005878324366239034
4.0178393	0.0005649707060218409
4.0193398	0.0005425780045610111
4.0208403	0.0005206474977386764
4.0223408	0.0004991922622367421
4.0238413	0.0004782045067220867
4.0253418	0.00045768477795492935
4.0268423	0.0004376333174210336
4.0283428	0.0004180449263419832
4.0298433	0.00039892266201866977
4.0313438	0.00038026522133923786
4.0328443	0.0003620700390869931
4.0343448	0.0003443367325297822
4.0358453	0.0003270636796122888
4.0373458	0.0003102514043130559
4.0388463	0.0002938961932189294
4.0403468	0.0002779917631437254
4.0418473	0.0002625502293826308
4.0433478	0.0002475628711101519
4.0448483	0.00023302684517314976
4.0463488	0.00021894583309043253
4.0478493	0.00020530887687594362
4.0493498	0.00019212647888222376
4.0508503	0.00017939151755741998
4.0523508	0.00016710648066052888
4.0538513	0.00015527118593814412
4.0553518	0.00014387563679092762
4.0568523	0.00013292162385859668
4.0583528	0.0001224127876529431
4.0598533	0.00011234495457096156
4.0613538	0.00010271757329609785
4.0628543	0.00009352896709701357
4.0643548	0.00008477832038971533
4.0658553	0.0000764625713169765
4.0673558	0.0000685841666307773
4.0688563	0.00006114033152300607
4.0703568	0.000054129990698565396
4.0718573	0.000047551973179319485
4.0733578	0.000041404346167894045
4.0748583	0.00003568650777241461
4.0763588	0.000030398118090278332
4.0778593	0.000025539016738487638
4.0793598	0.000021103681438830227
4.0808603	0.000017095763638302245
4.0823608	0.000013511522585738436
4.0838613	0.000010350369602636295
4.0853618	7.611204334055009e-6
4.0868623	5.29330642340599e-6
4.0883628	3.3952932507853416e-6
4.0898633	1.915541166159274e-6
4.0913638	8.530598500810517e-7
4.0928643	2.0713398526877428e-7
4.0943648	-2.2987516891154412e-8
4.0958653	1.604428814979978e-7
4.0973658	7.579502720921566e-7
4.0988663	1.7687138124315144e-6
4.1003668	3.1919662020063465e-6
4.1018673	5.027336281754628e-6
4.1033678	7.2738587465096445e-6
4.1048683	9.930943004108128e-6
4.1063688	0.000012997901047941122
4.1078693	0.000016473326337345147
4.1093698	0.000020356397365091098
4.1108703	0.00002464562603211615
4.1123708	0.000029340529822527
4.1138713	0.00003443901145525012
4.1153718	0.00003994029043007282
4.1168723	0.00004584271416423307
4.1183728	0.00005214587076503251
4.1198733	0.00005884882755066417
4.1213738	0.00006594931546621903
4.1228743	0.00007344732995536193
4.1243748	0.00008134157246257267
4.1258753	0.0000896321887905763
4.1273758	0.00009831742930667192
4.1288763	0.00010739455565342913
4.1303768	0.00011686337646477131
4.1318773	0.00012672166369280584
4.1333778	0.00013697351348284037
4.1348783	0.00014761292058513583
4.1363788	0.0001586398257673351
4.1378793	0.00017005502183175576
4.1393798	0.0001818546723441943
4.1408803	0.00019404030367692877
4.1423808	0.00020660740961448736
4.1438813	0.00021955506977716792
4.1453818	0.00023288961291450592
4.1468823	0.00024659940670284123
4.1483828	0.0002606880005272625
4.1498833	0.00027515445122639186
4.1513838	0.00028999862211017454
4.1528843	0.0003052172872933182
4.1543848	0.0003208155908782169
4.1558853	0.000336793250372091
4.1573858	0.00035313601811489927
4.1588863	0.0003698509290881266
4.1603868	0.0003869351173569582
4.1618873	0.0004043894212870634
4.1633878	0.00042221324855487146
4.1648883	0.0004404049998867417
4.1663888	0.0004589662472183039
4.1678893	0.00047789467593129745
4.1693898	0.00049719093758165
4.1708903	0.000516853665268814
4.1723908	0.0005368875064546512
4.1738913	0.0005572826650185706
4.1753918	0.0005780426493386443
4.1768923	0.0005991678694850365
4.1783928	0.0006206573230640124
4.1798933	0.0006425108733855173
4.1813938	0.0006647298873500986
4.1828943	0.0006873124057336385
4.1843948	0.0007102591119864101
4.1858953	0.000733570006108414
4.1873958	0.0007572450425362984
4.1888963	0.0007812837656365473
4.1903968	0.0008056855830855904
4.1918973	0.0008304499025598567
4.1933978	0.0008555741725116577
4.1948983	0.0008810670955411463
4.1963988	0.0009069218371455843
4.1978993	0.0009331373493678856
4.1993998	0.0009597165026991999
4.2009003	0.0009866618031238643
4.2024008	0.0010139686943067207
4.2039013	0.0010416389987818319
4.2054018	0.0010696713496486509
4.2069023	0.0010980651090202551
4.2084028	0.0011268201402065896
4.2099033	0.0011559353496872168
4.2114038	0.0011854098261951049
4.2129043	0.0012152437519836598
4.2144048	0.0012454361246591469
4.2159053	0.001275985440630964
4.2174058	0.0013068922466593297
4.2189063	0.001338154173449962
4.2204068	0.0013697710387494543
4.2219073	0.0014017422502342356
4.2234078	0.0014340636160759606
4.2249083	0.0014667356830348481
4.2264088	0.001499756674140186
4.2279093	0.0015331279562925224
4.2294098	0.0015668435151294472
4.2309103	0.001600903988537883
4.2324108	0.0016353079184905789
4.2339113	0.001670054667100613
4.2354118	0.0017051399514129355
4.2369123	0.0017405657762150169
4.2384128	0.0017763263093978539
4.2399133	0.0018124206396944143
4.2414138	0.0018488484025978862
4.2429143	0.001885609506981566
4.2444148	0.0019226996243270529
4.2459153	0.0019601179800573703
4.2474158	0.001997857785233131
4.2489163	0.0020359215458386733
4.2504168	0.002074312177928498
4.2519173	0.0021130238949569535
4.2534178	0.00215205523889679
4.2549183	0.002191399375245268
4.2564188	0.0022310655077994093
4.2579193	0.0022710471209999366
4.2594198	0.0023113417544258644
4.2609203	0.0023519492713871375
4.2624208	0.002392867348152825
4.2639213	0.002434095620216115
4.2654218	0.0024756319916628333
4.2669223	0.0025174755056625977
4.2684228	0.0025596252965117273
4.2699233	0.002602079632802862
4.2714238	0.0026448376032689705
4.2729243	0.002687898387769723
4.2744248	0.0027312608016579797
4.2759253	0.0027749238425400055
4.2774258	0.0028188846399246495
4.2789263	0.0028631455175428438
4.2804268	0.0029077038782835463
4.2819273	0.0029525587653163755
4.2834278	0.0029977089939941894
4.2849283	0.00304315406312012
4.2864288	0.003088892651356972
4.2879293	0.003134923710747659
4.2894298	0.003181244780871195
4.2909303	0.0032278580943318077
4.2924308	0.0032747618285954338
4.2939313	0.0033219545711981736
4.2954318	0.0033694354564363475
4.2969323	0.0034172035730429236
4.2984328	0.003465258055314222
4.2999333	0.003513597946419859
4.3014338	0.0035622221984027485
4.3029343	0.003611130173375968
4.3044348	0.003660320960072486
4.3059353	0.003709793783915325
4.3074358	0.0037595473235672895
4.3089363	0.0038095813056482695
4.3104368	0.003859894545511125
4.3119373	0.003910486314142229
4.3134378	0.003961355518021144
4.3149383	0.004012501655951003
4.3164388	0.004063923816664774
4.3179393	0.004115621043332073
4.3194398	0.004167592379122518
4.3209403	0.0042198371405858335
4.3224408	0.0042723546898350995
4.3239413	0.004325143842223173
4.3254418	0.00437820418767989
4.3269423	0.004431534404868055
4.3284428	0.004485134038154152
4.3299433	0.004539002221834501
4.3314438	0.004593137589008553
4.3329443	0.004647540686436529
4.3344448	0.004702209418204254
4.3359453	0.004757144695578763
4.3374458	0.004812343784758957
4.3389463	0.004867806230111322
4.3404468	0.004923530209101795
4.3419473	0.0049795179998979545
4.3434478	0.005035767324332221
4.3449483	0.005092276815504049
4.3464488	0.005149045106512888
4.3479493	0.005206072652992253
4.3494498	0.005263358543675117
4.3509503	0.005320901411660928
4.3524508	0.005378700801316173
4.3539513	0.0054367558013738194
4.3554518	0.005495066411833866
4.3569523	0.005553630810162251
4.3584528	0.005612452185793583
4.3599533	0.00567152780492677
4.3614538	0.005730850833059072
4.3629543	0.005790425370892133
4.3644548	0.005850250051525405
4.3659553	0.005910324874958886
4.3674558	0.005970649841192579
4.3689563	0.006031225861493514
4.3704568	0.0060920502020605964
4.3719573	0.006153119673459215
4.3734578	0.006214437009490465
4.3749583	0.006276000843253799
4.3764588	0.006337811630382732
4.3779593	0.006399868459610233
4.3794598	0.006462171330936302
4.3809603	0.00652472024436094
4.3824608	0.006587514744250628
4.3839613	0.006650554830605369
4.3854618	0.006713840047791646
4.3869623	0.006777371307076492
4.3884628	0.006841148152826389
4.3899633	0.00690517149630837
4.3914638	0.006969440426255403
4.3929643	0.007033956309568036
4.3944648	0.0070987168680786885
4.3959653	0.007163724379954941
4.3974658	0.007228981123364373
4.3989663	0.007294486187039952
4.4004668	0.007360239115348163
4.4019673	0.007426241730823067
4.4034678	0.007492494489098183
4.4049683	0.007558996023272963
4.4064688	0.0076257490671485
4.4079693	0.007692754531991826
4.4094698	0.007760011050902397
4.4109703	0.007827519990780756
4.4124708	0.007895282718527453
4.4139713	0.007963299234142488
4.4154718	0.008031569537625861
4.4169723	0.008100094995878118
4.4184728	0.008168876064532779
4.4199733	0.008237912287956322
4.4214738	0.008307205944316332
4.4229743	0.008376755211078741
4.4244748	0.008446562366411132
4.4259753	0.008516622398344827
4.4274758	0.008586941685749052
4.4289763	0.008657518406089741
4.4304768	0.008728352103733378
4.4319773	0.008799442323046448
4.4334778	0.008870789519662468
4.4349783	0.00894239323794792
4.4364788	0.009014253022269289
4.4379793	0.00908636932826009
4.4394798	0.009158737143951651
4.4409803	0.009231359203145063
4.4424808	0.009304239606541974
4.4439813	0.009377372886540189
4.4454818	0.009450759954406742
4.4469823	0.009524398531974055
4.4484828	0.009598289074875642
4.4499833	0.009672430216210953
4.4514838	0.00974682104471296
4.4529843	0.00982146064911463
4.4544848	0.009896348573782448
4.4559853	0.00997148299618235
4.4574858	0.01004686346068082
4.4589863	0.010122489056010826
4.4604868	0.010198358870905335
4.4619873	0.010274471994097317
4.4634878	0.010350825691785678
4.4649883	0.010427421786504479
4.4664888	0.010504258455719657
4.4679893	0.010581338888865826
4.4694898	0.010658653062005632
4.4709903	0.010736204620207204
4.4724908	0.010813992652203513
4.4739913	0.010892018069261586
4.4754918	0.01097027631504627
4.4769923	0.011048768756458108
4.4784928	0.011127494026596551
4.4799933	0.01120645166982809
4.4814938	0.011285640319252171
4.4829943	0.011365059974868797
4.4844948	0.011444710181044452
4.4859953	0.01152459048214562
4.4874958	0.01160469951127175
4.4889963	0.011685036357155816
4.4904968	0.011765601019797815
4.4919973	0.01184639304356423
4.4934978	0.011927411972821548
4.4949983	0.01200865735193625
4.4964988	0.012090129180908338
4.4979993	0.012171826548470781
4.4994998	0.012253749910257093
4.5010003	0.01233589881063376
4.5025008	0.012418272793967263
4.5040013	0.012500872315891122
4.5055018	0.012583696465138303
4.5070023	0.01266674569734232
4.5085028	0.012750020012503178
4.5100033	0.012833518954987355
4.5115038	0.01291724343606189
4.5130043	0.013001192544459743
4.5145048	0.013085367191447952
4.5160053	0.013169766921392998
4.5175058	0.013254391278661367
4.5190063	0.013339241630153606
4.5205068	0.013424316608969167
4.5220073	0.013509616215108048
4.5235078	0.01359514090420377
4.5250083	0.013680889764989297
4.5265088	0.0137668618861976
4.5280093	0.013853057723462193
4.5295098	0.013939474998615496
4.5310103	0.01402611280039048
4.5325108	0.014112970217520109
4.5340113	0.014200044516203292
4.5355118	0.014287332962638932
4.5370123	0.014374833734292967
4.5385128	0.014462542730463754
4.5400133	0.01455045539481613
4.5415138	0.014638565804114394
4.5430143	0.014726867579489319
4.5445148	0.014815353886438174
4.5460153	0.014904014245390089
4.5475158	0.014992836354240136
4.5490163	0.015081807910883387
4.5505168	0.01517091479068085
4.5520173	0.015260143780260567
4.5535178	0.015349482577517604
4.5550183	0.015438923892315715
4.5565188	0.015528463623953251
4.5580193	0.015618102683697246
4.5595198	0.01570784699478341
4.5610203	0.01579770248044744
4.5625208	0.01588767278575747
4.5640213	0.01597776520084975
4.5655218	0.016067985193326476
4.5670223	0.016158338230789836
4.5685228	0.01624882886957499
4.5700233	0.016339460754750058
4.5715238	0.01643023525321559
4.5730243	0.016521155098772687
4.5745248	0.016612222569588924
4.5760253	0.01670343994383188
4.5775258	0.016794807677135072
4.5790263	0.016886326225132017
4.5805268	0.016977996954723264
4.5820273	0.017069820777175837
4.5835278	0.01716179678122271
4.5850283	0.017253926333764436
4.5865288	0.01734620897916749
4.5880293	0.01743864380616484
4.5895298	0.017531230814756493
4.5910303	0.017623970460575962
4.5925308	0.017716862743623243
4.5940313	0.01780990629699779
4.5955318	0.017903101576333125
4.5970323	0.017996447670362212
4.5985328	0.01808994412345153
4.6000333	0.01818359093560109
4.6015338	0.01827738719554385
4.6030343	0.0183713324476463
4.6045348	0.018465426691908437
4.6060353	0.018559668105796203
4.6075358	0.01865405349987498
4.6090363	0.018748586063579382
4.6105368	0.01884326534127589
4.6120373	0.01893809042169748
4.6135378	0.019033060849210626
4.6150383	0.01912817662381534
4.6165388	0.019223435467344032
4.6180393	0.019318838746697254
4.6195398	0.019414383272440397
4.6210403	0.01951006950020697
4.6225408	0.019605896063096435
4.6240413	0.0197018606829412
4.6255418	0.019797963359741284
4.6270423	0.01989420272659612
4.6285428	0.019990575594071105
4.6300433	0.02008708150653273
4.6315438	0.020183717730179882
4.6330443	0.02028048289811203
4.6345448	0.02037737473216159
4.6360453	0.020474387309092852
4.6375458	0.020571522451439884
4.6390463	0.02066877605850104
4.6405468	0.020766142207040615
4.6420473	0.02086361634072345
4.6435478	0.020961195725748453
4.6450483	0.021058873071979366
4.6465488	0.02115664473434806
4.6480493	0.021254503422718292
4.6495498	0.021352445036388404
4.6510504	0.021450459551421056
4.6525509	0.021548539677679997
4.6540514	0.021646677669395452
4.6555519	0.02174485803502788
4.6570524	0.021843072573173996
4.6585529	0.021941310804262943
4.6600534	0.022039557236755172
4.6615539	0.022137792278409504
4.6630544	0.022236023219362192
4.6645549	0.02233422727793745
4.6660554	0.022432403542868237
4.6675559	0.022530546090918844
4.6690564	0.022628660389691475
4.6705569	0.022726756007489954
4.6720574	0.02282485481472304
4.6735579	0.022922975036731377
4.6750584	0.023021137632656685
4.6765589	0.023119364017274217
4.6780594	0.023217672415924605
4.6795599	0.023316077408880354
4.6810604	0.02341459448768101
4.6825609	0.023513231853729853
4.6840614	0.02361200545419994
4.6855619	0.023710922579227526
4.6870624	0.0238099886964148
4.6885629	0.023909209728997467
4.6900634	0.024008591600211234
4.6915639	0.02410813795512423
4.6930644	0.024207851983171068
4.6945649	0.024307737785053383
4.6960654	0.024407797638938765
4.6975659	0.024508033822994782
4.6990664	0.024608446792854958
4.7005669	0.024709038826686867
4.7020674	0.024809811747024575
4.7035679	0.024910766920768632
4.7050684	0.025011905259186066
4.7065689	0.025113227673543913
4.7080694	0.025214735530742712
4.7095699	0.025316429286415986
4.7110704	0.025418310307464286
4.7125709	0.025520378593887602
4.7140714	0.025622635968220002
4.7155719	0.02572508015229391
4.7170724	0.02582771069047581
4.7185729	0.025930542618671722
4.7200734	0.02603355771154101
4.7215739	0.02613676963808915
4.7230744	0.026240179309583177
4.7245749	0.026343778068986294
4.7260754	0.026447575484602324
4.7275759	0.026551562443760956
4.7290764	0.026655752159834147
4.7305769	0.02676014007648674
4.7320774	0.026864727104985768
4.7335779	0.026969515067865293
4.7350784	0.027074503965125316
4.7365789	0.027179695163666386
4.7380794	0.02728508957475553
4.7395799	0.02739069312162845
4.7410804	0.02749649714724836
4.7425809	0.027602505752316892
4.7440814	0.02770872075936811
4.7455819	0.027815143535302563
4.7470824	0.02792177225758619
4.7485829	0.028028611482554144
4.7500834	0.02813565710950479
4.7515839	0.028242910960972183
4.7530844	0.02835037394822336
4.7545849	0.028458045159991285
4.7560854	0.02856592641881003
4.7575859	0.02867401316834443
4.7590864	0.028782309509296125
4.7605869	0.028890814986031604
4.7620874	0.028999526409116256
4.7635879	0.029108443322916563
4.7650884	0.02921756663869956
4.7665889	0.029326894078297663
4.7680894	0.02943642564171087
4.7695899	0.02954615950640513
4.7710904	0.029656094305479882
4.7725909	0.029766229583301614
4.7740914	0.029876563972969783
4.7755919	0.029987095196316805
4.7770924	0.030097823253342683
4.7785929	0.030208745410246318
4.7800934	0.030319860300127167
4.7815939	0.03043116610045116
4.7830944	0.030542662811218303
4.7845949	0.030654344964826403
4.7860954	0.030766213472542495
4.7875959	0.03087826605619899
4.7890964	0.030990501348895357
4.7905969	0.031102917072464004
4.7920974	0.03121551049310384
4.7935979	0.03132828069954783
4.7950984	0.031441226324895426
4.7965989	0.03155434554661257
4.7980994	0.03166763563089817
4.7995999	0.031781095666485175
4.8011004	0.03189472246393899
4.8026009	0.03218047803538335
4.8041014	0.03227320537909788
4.8056019	0.032364378556889804
4.8071024	0.03245418483413412
4.8086029	0.03254275543328341
4.8101034	0.032630201073282024
4.8116039	0.03271661561463423
4.8131044	0.03280207195870257
4.8146049	0.03288662523714247
4.8161054	0.03297031190063518
4.8176059	0.03305315290832245
4.8191064	0.033135166485544904
4.8206069	0.03321636174497286
4.8221074	0.03329675007744422
4.8236079	0.03337634560759797
4.8251084	0.03345516701640826
4.8266089	0.033533240274985505
4.8281094	0.033610594088241186
4.8296099	0.033687254882919244
4.8311104	0.03376324452942842
4.8326109	0.033838577608041244
4.8341114	0.033913268699030205
4.8356119	0.03398733056013376
4.8371124	0.034060769570221125
4.8386129	0.034133591652528
4.8401134	0.03420580318592362
4.8416139	0.03427740918237665
4.8431144	0.034348418754557415
4.8446149	0.03441883828133513
4.8461154	0.03448867960918121
4.8476159	0.03455795139513245
4.8491164	0.0346266659412938
4.8506169	0.03469483509413665
4.8521174	0.03476247115576594
4.8536179	0.034829587339553617
4.8551184	0.03489619640323814
4.8566189	0.03496230427005521
4.8581194	0.03502792870971195
4.8596199	0.035093073367276476
4.8611204	0.03515774872231966
4.8626209	0.03522195295230744
4.8641214	0.035285700637512324
4.8656219	0.035348987677232664
4.8671224	0.03541181133766737
4.8686229	0.03547416523994722
4.8701234	0.035536036170700246
4.8716239	0.03559742367429294
4.8731244	0.03565830405778247
4.8746249	0.03571865453949305
4.8761254	0.035778449148314274
4.8776259	0.03583765280046542
4.8791264	0.0358962285896317
4.8806269	0.03595413733133075
4.8821274	0.03601134439741537
4.8836279	0.03606782609494273
4.8851284	0.03612357239997548
4.8866289	0.03617859333645097
4.8881294	0.03623290940787742
4.8896299	0.036286541117763034
4.8911304	0.03633951762665283
4.8926309	0.036391864450023695
4.8941314	0.03644360482518495
4.8956319	0.03649476290071292
4.8971324	0.03654535006744552
4.8986329	0.03659538956269204
4.9001334	0.03664488913222226
4.9016339	0.03669386927954439
4.9031344	0.03674233820606172
4.9046349	0.03679031003641325
4.9061354	0.036837796617070366
4.9076359	0.03688480842760396
4.9091364	0.0369313536694173
4.9106369	0.03697744418898181
4.9121374	0.03702308590953319
4.9136379	0.03706828976627582
4.9151384	0.0371130616824454
4.9166389	0.03715740849254469
4.9181394	0.03720133566417587
4.9196399	0.037244853221276276
4.9211404	0.037287961619479434
4.9226409	0.0373306708827227
4.9241414	0.037372982377906615
4.9256419	0.037414900205732814
4.9271424	0.03745643028943701
4.9286429	0.03749757672972085
4.9301434	0.037538341804751914
4.9316439	0.037578728703964795
4.9331444	0.03761874061679413
4.9346449	0.03765837891014045
4.9361454	0.03769764677343838
4.9376459	0.037736545117954934
4.9391464	0.0377750762218577
4.9406469	0.03781324008514667
4.9421474	0.03785103670782187
4.9436479	0.037888471101851944
4.9451484	0.03792554098906932
4.9466489	0.03796224773637456
4.9481494	0.0379985899768671
4.9496499	0.038034569533081014
4.9511504	0.03807018139304763
4.9526509	0.038105436947604834
4.9541514	0.03814033164041747
4.9556519	0.03817486228205093
4.9571524	0.038209028872505206
4.9586529	0.03824284280261821
4.9601534	0.03827630407238993
4.9616539	0.03830941222618685
4.9631544	0.038342169542176556
4.9646549	0.038374580576694205
4.9661554	0.038406651252975495
4.9676559	0.038438385671722086
4.9691564	0.038469787933635605
4.9706569	0.038500863961951765
4.9721574	0.03853161876863923
4.9736579	0.03856205372059857
4.9751584	0.038592176563599534
4.9766589	0.038621991398343776
4.9781594	0.038651503236799965
4.9796599	0.03868071617966975
4.9811604	0.038709634783288274
4.9826609	0.038738263148357197
4.9841614	0.03876660583121168
4.9856619	0.0387946655656528
4.9871624	0.03882244690801573
4.9886629	0.038849952592101555
4.9901634	0.03887718626297841
4.9916639	0.03890415247698146
4.9931644	0.03893085077847717
4.9946649	0.038957286179434225
4.9961654	0.03898346095802021
4.9976659	0.03900937784803621
4.9991664	0.03903503867201629
5.0006669	0.03906044616376156
5.0021674	0.039085602145806066
5.0036679	0.03911050935195091
5.0051684	0.03913516869346312
5.0066689	0.03915958381541083
5.0081694	0.03918375517342754
5.0096699	0.03920768550131437
5.0111704	0.03923137616597184
5.0126709	0.03925482944556755
5.0141714	0.03927804716263556
5.0156719	0.03930103113970993
5.0171724	0.03932378274369121
5.0186729	0.039346305619647526
5.0201734	0.039368598856311846
5.0216739	0.03939066609875229
5.0231744	0.03941250780260238
5.0246749	0.03943412806856376
5.0261754	0.039455527807903464
5.0276759	0.03947670884315555
5.0291764	0.03949767390812112
5.0306769	0.03951842300280015
5.0321774	0.03953896205042839
5.0336779	0.03955929059537228
5.0351784	0.039579411827066466
5.0366789	0.03959932711241147
5.0381794	0.03961903690704083
5.0396799	0.03963854485602265
5.0411804	0.03965785642695914
5.0426809	0.039676967974782165
5.0441814	0.03969588633399446
5.0456819	0.039714611048962505
5.0471824	0.03973314530912092
5.0486829	0.03975149093700377
5.0501834	0.03976964929951159
5.0516839	0.03978762358607901
5.0531844	0.03980541516360657
5.0546849	0.039823025854628324
5.0561854	0.039840457937311856
5.0576859	0.039857713234191246
5.0591864	0.039874794023434044
5.0606869	0.03989170076067379
5.0621874	0.03990843709097859
5.0636879	0.0399250039256155
5.0651884	0.03994140354275209
5.0666889	0.03995763594238834
5.0681894	0.039973705225225926
5.0696899	0.03998961184689834
5.0711904	0.040005357629939654
5.0726909	0.04002094439688393
5.0741914	0.0400363730589982
5.0756919	0.04005164543881653
5.0771924	0.04006676290323946
5.0786929	0.04008172727480107
5.0801934	0.04009653946476837
5.0816939	0.040111201295675435
5.0831944	0.04012571276752227
5.0846949	0.04014007934791106
5.0861954	0.040154295569239606
5.0876959	0.040168369177277695
5.0891964	0.04018230017202531
5.0906969	0.04019608445278083
5.0921974	0.040209729765313985
5.0936979	0.04022323337582372
5.0951984	0.04023659984064518
5.0966989	0.0402498241478097
5.0981994	0.04026291313182
5.0996999	0.04027586542577553
5.1012004	0.040288682852210364
5.1027009	0.040301365411124515
5.1042014	0.04031391446941851
5.1057019	0.04032633139399291
5.1072024	0.04033861618484769
5.1087029	0.040350769753249915
5.1102034	0.040362793921733635
5.1117039	0.04037468869029885
5.1132044	0.04038645451457907
5.1147049	0.04039809367274188
5.1162054	0.04040960570915376
5.1177059	0.04042099062381472
5.1192064	0.040432251606159354
5.1207069	0.04044338774492065
5.1222074	0.04045439995136563
5.1237079	0.040465289136761326
5.1252084	0.04047605621237476
5.1267089	0.040486702089472984
5.1282094	0.0404972272236895
5.1297099	0.04050763207065783
5.1312104	0.04051791845291203
5.1327109	0.04052808682608562
5.1342114	0.04053813810144564
5.1357119	0.04054807273462559
5.1372124	0.04055789209252603
5.1387129	0.040567595263879916
5.1402134	0.040577186805022425
5.1417139	0.040586665349052996
5.1432144	0.040596033174139214
5.1447149	0.04060528982464756
5.1462154	0.040614437123112086
5.1477159	0.04062347643643337
5.1492164	0.040632408220244894
5.1507169	0.04064123338581372
5.1522174	0.040649954211307404
5.1537179	0.04065857069672595
5.1552184	0.040667084664603434
5.1567189	0.04067549702620688
5.1582194	0.04068380869280331
5.1597199	0.04069202194256032
5.1612204	0.04070013631984439
5.1627209	0.040708154102823094
5.1642214	0.04071607620276347
5.1657219	0.04072390398656605
5.1672224	0.040731638821131406
5.1687229	0.04073928116209303
5.1702234	0.040746832831985
5.1717239	0.04075429519770787
5.1732244	0.04076166871489513
5.1747249	0.04076895520608086
5.1762254	0.0407761555825321
5.1777259	0.040783270755515875
5.1792264	0.04079030254756624
5.1807269	0.040797251414316726
5.1822274	0.04080411872266786
5.1837279	0.040810905839520205
5.1852284	0.040817614131774316
5.1867289	0.040824243599430175
5.1882294	0.040830796065021845
5.1897299	0.04083727107291582
5.1912304	0.040843671812546715
5.1927309	0.04084999965081507
5.1942314	0.04085625458772089
5.1957319	0.04086243707889768
5.1972324	0.040868547579978966
5.1987329	0.040874588369132325
5.2002334	0.04088056035762479
5.2017339	0.04088646354545635
5.2032344	0.04089229929952757
5.2047349	0.04089806807547195
5.2062354	0.040903771240190054
5.2077359	0.04090940924931539
5.2092364	0.04091498301411498
5.2107369	0.04092049299022236
5.2122374	0.04092593963327103
5.2137379	0.04093132476579505
5.2152384	0.04093664884342795
5.2167389	0.040941911410536214
5.2182394	0.040947114289653884
5.2197399	0.04095225748078099
5.2212404	0.04095734143955102
5.2227409	0.04096236753286455
5.2242414	0.04096733576072156
5.2257419	0.040972247034389085
5.2272424	0.040977101353867125
5.2287429	0.040981899630422716
5.2302434	0.0409866432309564
5.2317439	0.04099133124420116
5.2332444	0.04099596503705752
5.2347449	0.04100054552079252
5.2362454	0.04100507223977266
5.2377459	0.04100954610526495
5.2392464	0.0410139671172694
5.2407469	0.04101833664268656
5.2422474	0.041022654681516425
5.2437479	0.04102692077812549
5.2452484	0.041031137210681315
5.2467489	0.0410353035235504
5.2482494	0.04103942017236625
5.2497499	0.041043487612762386
5.2512504	0.04104750584473881
5.2527509	0.041051476235196074
5.2542514	0.04105539787286715
5.2557519	0.04105927303591958
5.2572524	0.04106309990181935
5.2587529	0.041066880293100495
5.2602534	0.04107061375412951
5.2617539	0.04107430165180693
5.2632544	0.04107794353049925
5.2647549	0.041081540757107016
5.2662554	0.0410850924203632
5.2677559	0.041088599887168335
5.2692564	0.041092062701888914
5.2707569	0.04109548223142549
5.2722574	0.041098858475778065
5.2737579	0.041102191434946624
5.2752584	0.041105482475831734
5.2767589	0.041108731142799865
5.2782594	0.04111193880275156
5.2797599	0.04111510591132035
5.2812604	0.04111823246850623
5.2827609	0.04112132029684325
5.2842614	0.04112436894069792
5.2857619	0.04112738022260428
5.2872624	0.041130354598195855
5.2887629	0.04113329206747265
5.2902634	0.04113619445296872
5.2917639	0.04113906221031758
5.2932644	0.041141896250786264
5.2947649	0.04114469748564182
5.2962654	0.041147466370517735
5.2977659	0.04115020336104755
5.2992664	0.04115290982413179
5.3007669	0.04115558575977048
5.3022674	0.04115823207923063
5.3037679	0.041160848782512256
5.3052684	0.04116343678088237
5.3067689	0.041165996074340995
5.3082694	0.04116852711852163
5.3097699	0.04117102991342429
5.3112704	0.041173506281583026
5.3127709	0.04117595485609729
5.3142714	0.04117837654823412
5.3157719	0.041180771357993515
5.3172724	0.041183140652276025
5.3187729	0.0411854835198146
5.3202734	0.041187800871876304
5.3217739	0.0411900922528276
5.3232744	0.041192358573935516
5.3247749	0.04119459937956655
5.3262754	0.04119681512535421
5.3277759	0.04119900626693201
5.3292764	0.041201172804299954
5.3307769	0.041203315193091554
5.3322774	0.04120543343330682
5.3337779	0.04120752798057926
5.3352784	0.04120959883490887
5.3367789	0.04121164645192917
5.3382794	0.041213671287273684
5.3397799	0.04121567334094241
5.3412804	0.041217653524202355
5.3427809	0.04121961138142004
5.3442814	0.04122154736822896
5.3457819	0.041223462395896145
5.3472824	0.041225356464421596
5.3487829	0.041227230029438844
5.3502834	0.04122908354658139
5.3517839	0.041230917471482754
5.3532844	0.04123273271540996
5.3547849	0.0412345288227295
5.3562854	0.041236307160341934
5.3577859	0.041238068183880754
5.3592864	0.041239811893345975
5.3607869	0.041241538744371115
5.3622874	0.0412432501038567
5.3637879	0.041244945516169244
5.3652884	0.041246626348209275
5.3667889	0.041248292144343286
5.3682894	0.041249943815838304
5.3697899	0.041251581818327845
5.3712904	0.041253205696178394
5.3727909	0.041254816360656976
5.3742914	0.041256413356130096
5.3757919	0.041257997138231244
5.3772924	0.04125956725132692
5.3787929	0.041261123239783606
5.3802934	0.04126266510360129
5.3817939	0.04126419238714648
5.3832944	0.04126570463478564
5.3847949	0.04126720139088526
5.3862954	0.04126868174417832
5.3877959	0.041270145239031275
5.3892964	0.04127159096417712
5.3907969	0.041273018008348816
5.3922974	0.041274425460279325
5.3937979	0.04127581331996866
5.3952984	0.04127718022051625
5.3967989	0.04127852525065509
5.3982994	0.041279848410385164
5.3997999	0.04128114833280594
5.4013004	0.041282425017917394
5.4028009	0.041283677554452516
5.4043014	0.0412849063980448
5.4058019	0.041286111093060754
5.4073024	0.04128729118386684
5.4088029	0.04128844803736363
5.4103034	0.04128958119791759
5.4118039	0.041290691121162244
5.4133044	0.04129177871836462
5.4148049	0.04129284444515823
5.4163054	0.04129388921281012
5.4178059	0.04129491302132026
5.4193064	0.041295917237589234
5.4208069	0.04129690231725054
5.4223074	0.041297868260304176
5.4238079	0.041298816433650694
5.4253084	0.04129974683729009
5.4268089	0.04130065947122237
5.4283094	0.04130155570234808
5.4298099	0.04130243553066722
5.4313104	0.0413032994118133
5.4328109	0.04130414780141984
5.4343114	0.04130498024385334
5.4358119	0.041305797650380796
5.4373124	0.04130660002100224
5.4388129	0.04130738781135117
5.4403134	0.04130816147706111
5.4418139	0.04130892056249855
5.4433144	0.04130966552329699
5.4448149	0.041310396359456436
5.4463154	0.04131111398224393
5.4478159	0.04131181748039243
5.4493164	0.04131250822080248
5.4508169	0.04131318529220705
5.4523174	0.041313849150239675
5.4538179	0.041314500706167365
5.4553184	0.04131513904872309
5.4568189	0.04131576463354038
5.4583194	0.041316377916252735
5.4598199	0.04131697935249368
5.4613204	0.04131756803099618
5.4628209	0.04131814486302726
5.4643214	0.04131870984858693
5.4658219	0.041319262987675194
5.4673224	0.04131980428029205
5.4688229	0.04132033463770452
5.4703234	0.04132085314864557
5.4718239	0.04132136026874873
5.4733244	0.04132185690928103
5.4748249	0.04132234170334191
5.4763254	0.04132281601783192
5.4778259	0.041323279397117565
5.4793264	0.04132373184119882
5.4808269	0.04132417289444218
5.4823274	0.04132460346811467
5.4838279	0.04132502310658279
5.4853284	0.041325431354213
5.4868289	0.041325828666638836
5.4883294	0.04132621458822677
5.4898299	0.04132658866334331
5.4913304	0.0413269504363549
5.4928309	0.041327300362895086
5.4943314	0.04132763753169683
5.4958319	0.041327961031493096
5.4973324	0.041328271317917394
5.4988329	0.041328567024069195
5.5003334	0.04132884906121551
5.5018339	0.041329116518089334
5.5033344	0.041329369850324156
5.5048349	0.041329609057919985
5.5063354	0.041329835052143854
5.5078359	0.0413300491998963
5.5093364	0.041330251956810865
5.5108369	0.041330445601055116
5.5123374	0.04133063104389607
5.5138379	0.041330809652234284
5.5153384	0.04133098324860384
5.5168389	0.04133115274427174
5.5183394	0.04133131905050503
5.5198399	0.04133148353420425
5.5213404	0.04133164665100294
5.5228409	0.041331808856534584
5.5243414	0.04133197060643272
5.5258419	0.04133213190069734
5.5273424	0.04133229319496195
5.5288429	0.04133245448922657
5.5303434	0.04133261487222415
5.5318439	0.04133277525522174
5.5333444	0.04133293472695229
5.5348449	0.0413330928317823
5.5363454	0.04133325002534527
5.5378459	0.04133340539637418
5.5393464	0.04133355940050255
5.5408469	0.04133371067082981
5.5423474	0.0413338596629895
5.5438479	0.041334005921348095
5.5453484	0.04133414990153911
5.5468489	0.04133429023666199
5.5483494	0.041334427837983787
5.5498499	0.041334561794237445
5.5513505	0.041334692561056506
5.552851	0.04133482013844095
5.5543515	0.04133494407075726
5.555852	0.04133506435800545
5.5573525	0.04133518100018552
5.558853	0.04133529445293096
5.5603535	0.041335403804974774
5.561854	0.041335509967583964
5.5633545	0.04133561248512504
5.564855	0.04133571135759798
5.5663555	0.04133580658500279
5.567856	0.041335898622973
5.5693565	0.0413359874715086
5.570857	0.04133607267497606
5.5723575	0.0413361542333754
5.573858	0.04133623305797365
5.5753585	0.041336308693137286
5.576859	0.04133638068323279
5.5783595	0.041336449939527196
5.57986	0.041336516006387006
5.5813605	0.04133657888381219
5.582861	0.0413366394830698
5.5843615	0.041336696437259283
5.585862	0.04133675111328119
5.5873625	0.041336803055502
5.588863	0.04133685226392171
5.5903635	0.04133689873854032
5.591864	0.041336942479357854
5.5933645	0.04133698439764131
5.594865	0.041337023582123676
5.5963655	0.04133706048843846
5.597866	0.04133709511658567
5.5993665	0.04133712792219881
5.600867	0.041337158449644376
5.6023675	0.041337187154555866
5.603868	0.04133721403693331
5.6053685	0.04133723909677668
5.606869	0.041337262334085995
5.6083695	0.04133728420449475
5.60987	0.041337305163636484
5.6113705	0.041337324300244144
5.612871	0.04133734252558478
5.6143715	0.04133735983965839
5.615872	0.041337375786831436
5.6173725	0.0413373917340045
5.618873	0.041337407225544034
5.6203735	0.04133742226145006
5.621874	0.04133743729735608
5.6233745	0.04133745278889562
5.624875	0.041337468280435156
5.6263755	0.04133748468324173
5.627876	0.04133750154168182
5.6293765	0.04133752022265597
5.630877	0.04133753981489715
5.6323775	0.0413375612296724
5.633878	0.04133758446698171
5.6353785	0.0413376099824586
5.636879	0.04133763777610307
5.6383795	0.041337668303548625
5.63988	0.041337701564795284
5.6413805	0.04133773801547655
5.642881	0.041337777199958924
5.6443815	0.041337819573875896
5.645882	0.04133786468159397
5.6473825	0.04133791297874665
5.648883	0.04133796400970042
5.6503835	0.041338017318821786
5.651884	0.04133807290611072
5.6533845	0.04133812940466668
5.654885	0.04133818681448968
5.6563855	0.041338244224312676
5.657886	0.041338300722868655
5.6593865	0.04133835585452407
5.660887	0.04133840870801191
5.6623875	0.04133845837206514
5.663888	0.04133850439105024
5.6653885	0.0413385463093337
5.666889	0.04133858412691552
5.6683895	0.04133861738816218
5.66989	0.04133864563744016
5.6713905	0.0413386697860165
5.672891	0.04133868937825768
5.6743915	0.04133870486979723
5.675892	0.041338716260635115
5.6773925	0.04133872400640489
5.678893	0.04133872810710653
5.6803935	0.04133872947400708
5.681894	0.0413387271958395
5.6833945	0.04133872263950435
5.684895	0.04133871534936809
5.6863955	0.04133870578106425
5.687896	0.04133869393459284
5.6893965	0.041338680265587374
5.690897	0.04133866477404782
5.6923975	0.04133864745997423
5.693898	0.041338628779000075
5.6953985	0.04133860827549186
5.696899	0.041338586405083096
5.6983995	0.04133856316777379
5.6999	0.04133853856356393
5.7014005	0.041338512592453525
5.702901	0.04133848525444257
5.7044015	0.04133845700516459
5.705902	0.04133842738898606
5.7074025	0.04133839640590698
5.708903	0.04133836451156087
5.7104035	0.04133833170594773
5.711904	0.04133829753343404
5.7134045	0.041338262449653315
5.714905	0.04133822599897205
5.7164055	0.041338188637023744
5.717906	0.0413381499081749
5.7194065	0.04133811026805902
5.720907	0.04133806926104259
5.7224075	0.041338027342759126
5.723908	0.04133798405757512
5.7254085	0.04133793940549056
5.726909	0.04133789384213898
5.7284095	0.04133784691188684
5.72991	0.041337799070367685
5.7314105	0.04133774940631445
5.732911	0.04133769837536068
5.7344115	0.04133764643313986
5.735912	0.04133759266838499
5.7374125	0.04133753753672957
5.738913	0.041337480582540095
5.7404135	0.04133742226145006
5.741914	0.04133736257345948
5.7434145	0.04133730060730132
5.744915	0.041337236818609104
5.7464155	0.04133717120738282
5.747916	0.041337103317988955
5.7494165	0.04133703315042751
5.750917	0.041336960249064976
5.7524175	0.041336885069534854
5.753918	0.041336806700570126
5.7554185	0.041336725597804304
5.756919	0.04133664130560387
5.7584195	0.041336553823968815
5.75992	0.04133646315289916
5.7614205	0.041336368381127864
5.762921	0.041336269964288436
5.7644215	0.04133616744674736
5.765922	0.04133606082850465
5.7674225	0.041335950109560295
5.768923	0.041335835289914295
5.7704235	0.041335716825200174
5.771924	0.0413355942597844
5.7734245	0.0413354680493005
5.774925	0.041335338649382
5.7764255	0.0413352065156624
5.777926	0.04133507119250819
5.7794265	0.041334933591186396
5.780927	0.04133479416733054
5.7824275	0.04133465337657414
5.783928	0.04133451121891719
5.7854285	0.04133436860562672
5.786929	0.04133422553670274
5.7884295	0.041334082467778754
5.78993	0.041333939854488286
5.7914305	0.041333798608098375
5.792931	0.041333658272975485
5.7944315	0.04133351976038666
5.795932	0.041333382614698384
5.7974325	0.0413332482028112
5.798933	0.04133311652472512
5.8004335	0.041332987580440135
5.801934	0.041332861825589755
5.8034345	0.04133273926017399
5.804935	0.04133262033982634
5.8064355	0.041332505064546825
5.807936	0.041332393889968955
5.8094365	0.04133228727172624
5.810937	0.04133218384291814
5.8124375	0.04133208542607872
5.813938	0.04133199110994094
5.8154385	0.041331901350138305
5.816939	0.041331816146670836
5.8184395	0.04133173504390501
5.81994	0.041331658497474354
5.8214405	0.04133158650737884
5.822941	0.04133151861798497
5.8244415	0.041331454373659246
5.825942	0.04133139468566867
5.8274425	0.04133133864274621
5.828943	0.041331286244891886
5.8304435	0.04133123749210568
5.831944	0.04133119284002113
5.8334445	0.041331150921737676
5.834945	0.04133111264852234
5.8364455	0.04133107802037513
5.837946	0.041331046126029024
5.8394465	0.041331016965484
5.840947	0.041330991450007126
5.8424475	0.04133096821269781
5.843948	0.041330947709189596
5.8454485	0.04133093039511599
5.846949	0.04133091535920997
5.8484495	0.04133090305710504
5.84995	0.0413308930331677
5.8514505	0.04133088574303143
5.852951	0.041330880731062766
5.8544515	0.04133087799726167
5.855952	0.041330877541628154
5.8574525	0.041330879364162215
5.858953	0.041330883464863855
5.8604535	0.04133088938809956
5.861954	0.04133089758950285
5.8634545	0.04133090806907371
5.864955	0.041330920371178644
5.8664555	0.04133093495145115
5.867956	0.04133095135425772
5.8694565	0.04133096957959836
5.870957	0.04133099008310657
5.8724575	0.04133101195351534
5.873958	0.04133103610209168
5.8754585	0.04133106161756856
5.876959	0.04133108895557952
5.8784595	0.041331118116124534
5.87996	0.04133114909920361
5.8814605	0.04133118144918324
5.882961	0.04133121562169693
5.8844615	0.041331251161111165
5.885962	0.041331288067425954
5.8874625	0.0413313267962748
5.888963	0.04133136643639068
5.8904635	0.0413314074434071
5.891964	0.04133144981732408
5.8934645	0.041331493558141606
5.894965	0.04133153821022616
5.8964655	0.04133158377357775
5.897966	0.04133163070382988
5.8994665	0.04133167808971553
5.900967	0.04133172638686822
5.9024675	0.04133177559528793
5.903968	0.041331825259341155
5.9054685	0.0413318753790279
5.906969	0.04133192595434816
5.9084695	0.04133197698530194
5.90997	0.04133202847188923
5.9114705	0.04133207995847652
5.912971	0.04133213190069734
5.9144715	0.04133218384291814
5.915972	0.04133223578513895
5.9174725	0.041332288638626785
5.918973	0.041332341492114635
5.9204735	0.04133239480123599
5.921974	0.04133244856599086
5.9234745	0.04133250278637925
5.924975	0.041332558373668185
5.9264755	0.041332614416590634
5.927976	0.04133267182641363
5.9294765	0.0413327310587707
5.930977	0.04133279120239479
5.9324775	0.04133285316855295
5.933978	0.041332917412878686
5.9354785	0.04133298347973848
5.936979	0.041333052280399386
5.9384795	0.04133312335922786
5.93998	0.04133319717185743
5.9414805	0.04133327371828809
5.942981	0.04133335299851986
5.9444815	0.04133343592381974
5.945982	0.04133352249418776
5.9474825	0.04133361225399038
5.948983	0.04133370565886114
5.9504835	0.041333802708800015
5.951984	0.04133390340380702
5.9534845	0.04133400819951567
5.954985	0.041334117095925965
5.9564855	0.041334230093037896
5.957986	0.041334347190851474
5.9594865	0.04133446793373318
5.960987	0.041334593232950044
5.9624875	0.041334722177235036
5.963988	0.04133485522222167
5.9654885	0.041334992367909947
5.966989	0.041335133614299864
5.9684895	0.04133527805012439
5.96999	0.04133542704228407
5.9714905	0.04133557922387838
5.972991	0.041335735050540806
5.9744915	0.041335894522271356
5.975992	0.041336057183436525
5.9774925	0.04133622348966982
5.978993	0.0413363925297042
5.9804935	0.04133656521480672
5.981994	0.04133674063371032
5.9834945	0.04133691924204855
5.984995	0.04133710058418786
5.9864955	0.04133728466012827
5.987996	0.04133747101423626
5.9894965	0.041337660557778856
5.990997	0.04133785237948904
5.9924975	0.0413380464793668
5.993998	0.041338243313045656
5.9954985	0.041338441969258566
5.996999	0.04133864335927258
5.9984995	0.04133884657182065
6.	0.041339051606902794