3000
1.5	0.05336942445220524
1.5015005	0.05336942445220524
1.503001	0.05336942445220524
1.5045015	0.05336942445220524
1.506002	0.05336942445220524
1.5075025	0.05336942445220524
1.509003	0.05336942445220524
1.5105035	0.05336942445220524
1.512004	0.05336942445220524
1.5135045	0.05336942445220524
1.515005	0.05336942445220524
1.5165055	0.05336942445220524
1.518006	0.05336942445220524
1.5195065	0.05336942445220524
1.521007	0.05336942445220524
1.5225075	0.05336942445220524
1.524008	0.05336942445220524
1.5255085	0.05336942445220524
1.527009	0.05336942445220524
1.5285095	0.05336942445220524
1.53001	0.05336942445220524
1.5315105	0.05336942445220524
1.533011	0.05336942445220524
1.5345115	0.05336942445220524
1.536012	0.05336942445220524
1.5375125	0.05336942445220524
1.539013	0.05336942445220524
1.5405135	0.05336942445220524
1.542014	0.05336942445220524
1.5435145	0.05336942445220524
1.545015	0.05336942445220524
1.5465155	0.05336942445220524
1.548016	0.05336942445220524
1.5495165	0.05336942445220524
1.551017	0.05336942445220524
1.5525175	0.05336942445220524
1.554018	0.05336942445220524
1.5555185	0.05336942445220524
1.557019	0.05336942445220524
1.5585195	0.05336942445220524
1.56002	0.05336942445220524
1.5615205	0.05336942445220524
1.563021	0.05336942445220524
1.5645215	0.05336942445220524
1.566022	0.05336942445220524
1.5675225	0.05336942445220524
1.569023	0.05336942445220524
1.5705235	0.05336942445220524
1.572024	0.05336942445220524
1.5735245	0.05336942445220524
1.575025	0.05336942445220524
1.5765255	0.05336942445220524
1.578026	0.05336942445220524
1.5795265	0.05336942445220524
1.581027	0.05336942445220524
1.5825275	0.05336942445220524
1.584028	0.05336942445220524
1.5855285	0.05336942445220524
1.587029	0.05336942445220524
1.5885295	0.05336942445220524
1.59003	0.05336942445220524
1.5915305	0.05336942445220524
1.593031	0.05336942445220524
1.5945315	0.05336942445220524
1.596032	0.05336942445220524
1.5975325	0.05336942445220524
1.599033	0.05336942445220524
1.6005335	0.05336942445220524
1.602034	0.05336942445220524
1.6035345	0.05336942445220524
1.605035	0.05336942445220524
1.6065355	0.05336942445220524
1.608036	0.05336942445220524
1.6095365	0.05336942445220524
1.611037	0.05336942445220524
1.6125375	0.05336942445220524
1.614038	0.05336942445220524
1.6155385	0.05336942445220524
1.617039	0.05336942445220524
1.6185395	0.05336942445220524
1.62004	0.05336942445220524
1.6215405	0.05336942445220524
1.623041	0.05336942445220524
1.6245415	0.05336942445220524
1.626042	0.05336942445220524
1.6275425	0.05336942445220524
1.629043	0.05336942445220524
1.6305435	0.05336942445220524
1.632044	0.05336942445220524
1.6335445	0.05336942445220524
1.635045	0.05336942445220524
1.6365455	0.05336942445220524
1.638046	0.05336942445220524
1.6395465	0.05336942445220524
1.641047	0.05336942445220524
1.6425475	0.05336942445220524
1.644048	0.05336942445220524
1.6455485	0.05336942445220524
1.647049	0.05336942445220524
1.6485495	0.05336942445220524
1.65005	0.05336942445220524
1.6515505	0.05336942445220524
1.653051	0.05336942445220524
1.6545515	0.05336942445220524
1.656052	0.05336942445220524
1.6575525	0.05336942445220524
1.659053	0.05336942445220524
1.6605535	0.05336942445220524
1.662054	0.05336942445220524
1.6635545	0.05336942445220524
1.665055	0.05336942445220524
1.6665555	0.05336942445220524
1.668056	0.05336942445220524
1.6695565	0.05336942445220524
1.671057	0.05336942445220524
1.6725575	0.05336942445220524
1.674058	0.05336942445220524
1.6755585	0.05336942445220524
1.677059	0.05336942445220524
1.6785595	0.05336942445220524
1.68006	0.05336942445220524
1.6815605	0.05336942445220524
1.683061	0.05336942445220524
1.6845615	0.05336942445220524
1.686062	0.05336942445220524
1.6875625	0.05336942445220524
1.689063	0.05336942445220524
1.6905635	0.05336942445220524
1.692064	0.05336942445220524
1.6935645	0.05336942445220524
1.695065	0.05336942445220524
1.6965655	0.05336942445220524
1.698066	0.05336942445220524
1.6995665	0.05336942445220524
1.701067	0.05336942445220524
1.7025675	0.05336942445220524
1.704068	0.05336942445220524
1.7055685	0.05336942445220524
1.707069	0.05336942445220524
1.7085695	0.05336942445220524
1.71007	0.05336942445220524
1.7115705	0.05336942445220524
1.713071	0.05336942445220524
1.7145715	0.05336942445220524
1.716072	0.05336942445220524
1.7175725	0.05336942445220524
1.719073	0.05336942445220524
1.7205735	0.05336942445220524
1.722074	0.05336942445220524
1.7235745	0.05336942445220524
1.725075	0.05336942445220524
1.7265755	0.05336942445220524
1.728076	0.05336942445220524
1.7295765	0.05336942445220524
1.731077	0.05336942445220524
1.7325775	0.05336942445220524
1.734078	0.05336942445220524
1.7355785	0.05336942445220524
1.737079	0.05336942445220524
1.7385795	0.05336942445220524
1.74008	0.05336942445220524
1.7415805	0.05336942445220524
1.743081	0.05336942445220524
1.7445815	0.05336942445220524
1.746082	0.05336942445220524
1.7475825	0.05336942445220524
1.749083	0.05336942445220524
1.7505835	0.05336942445220524
1.752084	0.05336942445220524
1.7535845	0.05336942445220524
1.755085	0.05336942445220524
1.7565855	0.05336942445220524
1.758086	0.05336942445220524
1.7595865	0.05336942445220524
1.761087	0.05336942445220524
1.7625875	0.05336942445220524
1.764088	0.05336942445220524
1.7655885	0.05336942445220524
1.767089	0.05336942445220524
1.7685895	0.05336942445220524
1.77009	0.05336942445220524
1.7715905	0.05336942445220524
1.773091	0.05336942445220524
1.7745915	0.05336942445220524
1.776092	0.05336942445220524
1.7775925	0.05336942445220524
1.779093	0.05336942445220524
1.7805935	0.05336942445220524
1.782094	0.05336942445220524
1.7835945	0.05336942445220524
1.785095	0.05336942445220524
1.7865955	0.05336942445220524
1.788096	0.05336942445220524
1.7895965	0.05336942445220524
1.791097	0.05336942445220524
1.7925975	0.05336942445220524
1.794098	0.05336942445220524
1.7955985	0.05336942445220524
1.797099	0.05336942445220524
1.7985995	0.05336942445220524
1.8001	0.05336942445220524
1.8016005	0.05336942445220524
1.803101	0.05336942445220524
1.8046015	0.05336942445220524
1.806102	0.05336942445220524
1.8076025	0.05336942445220524
1.809103	0.05336942445220524
1.8106035	0.05336942445220524
1.812104	0.05336942445220524
1.8136045	0.05336942445220524
1.815105	0.05336942445220524
1.8166055	0.05336942445220524
1.818106	0.05336942445220524
1.8196065	0.05336942445220524
1.821107	0.05336942445220524
1.8226075	0.05336942445220524
1.824108	0.05336942445220524
1.8256085	0.05336942445220524
1.827109	0.05336942445220524
1.8286095	0.05336942445220524
1.83011	0.05336942445220524
1.8316105	0.05336942445220524
1.833111	0.05336942445220524
1.8346115	0.05336942445220524
1.836112	0.05336942445220524
1.8376125	0.05336942445220524
1.839113	0.05336942445220524
1.8406135	0.05336942445220524
1.842114	0.05336942445220524
1.8436145	0.05336942445220524
1.845115	0.05336942445220524
1.8466155	0.05336942445220524
1.848116	0.05336942445220524
1.8496165	0.05336942445220524
1.851117	0.05336942445220524
1.8526175	0.05336942445220524
1.854118	0.05336942445220524
1.8556185	0.05336942445220524
1.857119	0.05336942445220524
1.8586195	0.05336942445220524
1.86012	0.05336942445220524
1.8616205	0.05336942445220524
1.863121	0.05336942445220524
1.8646215	0.05336942445220524
1.866122	0.05336942445220524
1.8676225	0.05336942445220524
1.869123	0.05336942445220524
1.8706235	0.05336942445220524
1.872124	0.05336942445220524
1.8736245	0.05336942445220524
1.875125	0.05336942445220524
1.8766255	0.05336942445220524
1.878126	0.05336942445220524
1.8796265	0.05336942445220524
1.881127	0.05336942445220524
1.8826275	0.05336942445220524
1.884128	0.05336942445220524
1.8856285	0.05336942445220524
1.887129	0.05336942445220524
1.8886295	0.05336942445220524
1.89013	0.05336942445220524
1.8916305	0.05336942445220524
1.893131	0.05336942445220524
1.8946315	0.05336942445220524
1.896132	0.05336942445220524
1.8976325	0.05336942445220524
1.899133	0.05336942445220524
1.9006335	0.05336942445220524
1.902134	0.05336942445220524
1.9036345	0.05336942445220524
1.905135	0.05336942445220524
1.9066355	0.05336942445220524
1.908136	0.05336942445220524
1.9096365	0.05336942445220524
1.911137	0.05336942445220524
1.9126375	0.05336942445220524
1.914138	0.05257425284031503
1.9156385	0.05175427653982104
1.917139	0.05093972227816588
1.9186395	0.05013056727367372
1.92014	0.049326770519328156
1.9216405	0.04852831378978854
1.923141	0.04773516063437361
1.9246415	0.04694728827140758
1.926142	0.04616466480654433
1.9276425	0.04538726290177292
1.929143	0.04461505066274721
1.9306435	0.04384800530779144
1.932144	0.04308609949889464
1.9336445	0.04232930134171071
1.935145	0.04157758349822868
1.9366455	0.04083091863043762
1.938146	0.04008928395666172
1.9396465	0.03935264758255486
1.941147	0.03862098217010613
1.9426475	0.03789426038130454
1.944148	0.0371724594344743
1.9456485	0.03645554743526932
1.947149	0.03574350615834895
1.9486495	0.03503629915303193
1.9501501	0.034333908193977615
1.9516506	0.033636301386839894
1.9531511	0.03294346050627813
1.9546516	0.032255349101611076
1.9561521	0.031571953503833225
1.9576526	0.030893241818598493
1.9591531	0.03021918670789591
1.9606536	0.029549765390049693
1.9621541	0.028884950527048883
1.9636546	0.02822472389355285
1.9651551	0.027569053595215484
1.9666556	0.02691792140669615
1.9681561	0.026271295433648735
1.9696566	0.025629162007067757
1.9711571	0.02499148467627196
1.9726576	0.024358249772255862
1.9741581	0.023729429957008507
1.9756586	0.023104997892518943
1.9771591	0.022484939909781704
1.9786596	0.02186921955811551
1.9801601	0.02125782772485005
1.9816606	0.02065072795930405
1.9831611	0.020047906592472037
1.9846616	0.019449340842678218
1.9861621	0.018854998815576483
1.9876626	0.018264871398496512
1.9891631	0.017678926697092194
1.9906636	0.017097141929687736
1.9921641	0.016519503427277666
1.9936646	0.01594598385185103
1.9951651	0.015376564978067192
1.9966656	0.014811214911580042
1.9981661	0.01424992453971926
1.9996666	0.013692666524473896
2.0011671	0.013139418084168155
2.0026676	0.012590160993461413
2.0041681	0.012044872470677866
2.0056686	0.011503534290476873
2.0071691	0.010966123671182663
2.0086696	0.01043262238745458
2.0101701	0.009903003101281673
2.0116706	0.009377252143658484
2.0131711	0.008855342176574042
2.0146716	0.008337259531022882
2.0161721	0.007822981425329209
2.0176726	0.007312485077817221
2.0191731	0.006805756819481454
2.0206736	0.00630276931231095
2.0221741	0.00580349977462992
2.0236746	0.005307943650103196
2.0251751	0.0048160644880495184
2.0266756	0.004327853175798567
2.0281761	0.0038432869316745444
2.0296766	0.0033623429740016605
2.0311771	0.0028849998880046725
2.0326776	0.0024112490166467732
2.0341781	0.0019410643888175681
2.0356786	0.0014744277791764024
2.0371791	0.0010113200511156373
2.0386796	0.0005517197898600042
2.0401801	0.00009560968133590681
2.0416806	-0.0003570298666978312
2.0431811	-0.0008062175352153692
2.0446816	-0.00125197200519085
2.0461821	-0.0016943133244989705
2.0476826	-0.0021332583515798315
2.0491831	-0.0025688266786746006
2.0506836	-0.003001036531123917
2.0521841	-0.0034299065899019306
2.0536846	-0.003855455535982802
2.0551851	-0.004277702050340664
2.0566856	-0.0046966634470491314
2.0581861	-0.00511235840708235
2.0596866	-0.005524804700147446
2.0611871	-0.005934018729050981
2.0626876	-0.006340020086034142
2.0641881	-0.006742829274605141
2.0656886	-0.0071424608750364875
2.0671891	-0.007538933568302332
2.0686896	-0.007932265124109791
2.0701901	-0.008322472400898959
2.0716906	-0.008709573168376943
2.0731911	-0.009093584740617357
2.0746916	-0.009474524431693797
2.0761921	-0.009852409100046351
2.0776926	-0.010227256059748625
2.0791931	-0.010599081713607185
2.0806936	-0.010967903831329158
2.0821941	-0.011333738360087591
2.0836946	-0.011696602613956091
2.0851951	-0.01205651254010771
2.0866956	-0.012413484996982542
2.0881961	-0.012767535931753638
2.0896966	-0.013118682202861082
2.0911971	-0.013466939757477932
2.0926976	-0.013812326365311309
2.0941981	-0.014154851594665048
2.0956986	-0.014494540505382514
2.0971991	-0.014831402665767542
2.0986996	-0.015165453567359677
2.1002001	-0.015496712346766582
2.1017006	-0.015825191761726698
2.1032011	-0.016150908215046604
2.1047016	-0.016473878565166383
2.1062021	-0.016794114658557444
2.1077026	-0.017111633809293394
2.1092031	-0.01742645059764674
2.1107036	-0.01773858051515702
2.1122041	-0.018048037686463233
2.1137046	-0.018354838058738422
2.1152051	-0.01865899530098807
2.1167056	-0.018960526271652265
2.1182061	-0.019259443272835932
2.1197066	-0.019555760884811584
2.1212071	-0.01984949414348524
2.1227076	-0.020140659907296986
2.1242081	-0.02042926911145121
2.1257086	-0.02071533815875447
2.1272091	-0.020998880262578744
2.1287096	-0.021279910003196525
2.1302101	-0.02155844013834626
2.1317106	-0.021834485248300468
2.1332111	-0.022108061735865703
2.1347116	-0.022379183725680967
2.1362121	-0.022647867164919313
2.1377126	-0.022914118432449965
2.1392131	-0.023177957120514105
2.1407136	-0.02343939461994963
2.1422141	-0.02369844551102904
2.1437146	-0.02395512255149079
2.1452151	-0.0242094407772409
2.1467156	-0.024461412946017808
2.1482161	-0.024711052271193485
2.1497166	-0.024958365587270666
2.1512171	-0.025203379320993258
2.1527176	-0.02544610121813105
2.1542181	-0.025686539024453805
2.1557186	-0.02592471506600379
2.1572191	-0.026160637999817823
2.1587196	-0.026394321494901368
2.1602201	-0.02662577785335936
2.1617206	-0.026855012542793984
2.1632211	-0.027082053812483232
2.1647216	-0.02730690713002928
2.1662221	-0.02752958160810246
2.1677226	-0.027750102762179655
2.1692231	-0.027968468769726803
2.1707236	-0.028184697856084535
2.1722241	-0.028398802323357782
2.1737246	-0.028610794929284988
2.1752251	-0.028820688431604596
2.1767256	-0.029028494221154503
2.1782261	-0.029234220499338
2.1797266	-0.029437891870364934
2.1812271	-0.02963951061240289
2.1827276	-0.029839092672624926
2.1842281	-0.030036648074968388
2.1857286	-0.03023219139970578
2.1872291	-0.030425733582041488
2.1887296	-0.03061728419027934
2.1902301	-0.03080685689342482
2.1917306	-0.030994461259781756
2.1932311	-0.03118011232525617
2.1947316	-0.03136382011378542
2.1962321	-0.031545594193673324
2.1977326	-0.031725448689558886
2.1992331	-0.03190339362537945
2.2007336	-0.032079433557470186
2.2022341	-0.03225359354567445
2.2037346	-0.03242587267872521
2.2052351	-0.03259628735942905
2.2067356	-0.03276484578918925
2.2082361	-0.03293155844757668
2.2097366	-0.033096436269795707
2.2112371	-0.03325948836851666
2.2127376	-0.033420724767676886
2.2142381	-0.03358015549121373
2.2157386	-0.03373779010743103
2.2172391	-0.033893638640266135
2.2187396	-0.034047710202389364
2.2202401	-0.03420001481773805
2.2217406	-0.03435056159898254
2.2232411	-0.034499359658793124
2.2247416	-0.03464641810984013
2.2262421	-0.03479174697606091
2.2277426	-0.03493535309195819
2.2292431	-0.03507724875963692
2.2307436	-0.03521744263613388
2.2322441	-0.03535594064468479
2.2337446	-0.03549275782119567
2.2352451	-0.035627900088902216
2.2367456	-0.03576137701610828
2.2382461	-0.035893196804217126
2.2397466	-0.03602337038843315
2.2412471	-0.036151902325091516
2.2427476	-0.03627881448460097
2.2442481	-0.03640410595569449
2.2457486	-0.036527787673576444
2.2472491	-0.03664987057345123
2.2487496	-0.03677036741305729
2.2502501	-0.03688927910366164
2.2517506	-0.03700661840300274
2.2532511	-0.03712239761318551
2.2547516	-0.03723662493561325
2.2562521	-0.03734930948295625
2.2577526	-0.03746046355731946
2.2592531	-0.037570091259404526
2.2607536	-0.03767820534694987
2.2622541	-0.03778481279114831
2.2637546	-0.03788992589410476
2.2652551	-0.03799355290278586
2.2667556	-0.03809570343105879
2.2682561	-0.03819638864194469
2.2697566	-0.03829561459536933
2.2712571	-0.03839339163421351
2.2727576	-0.03848973083037168
2.2742581	-0.03858463263947733
2.2757586	-0.03867811346433707
2.2772591	-0.03877018054952376
2.2787596	-0.03886084223313077
2.2802601	-0.03895010803789857
2.2817606	-0.03903798671199066
2.2832611	-0.03912448736807737
2.2847616	-0.03920961875432219
2.2862621	-0.03929338834311479
2.2877626	-0.03937580738860302
2.2892631	-0.039456882907543005
2.2907636	-0.039536622919084635
2.2922641	-0.03961503644477153
2.2937646	-0.03969213191382372
2.2952651	-0.039767918165531414
2.2967656	-0.03984240262672093
2.2982661	-0.03991559377217567
2.2997666	-0.03998750098794603
2.3012671	-0.040058131518604954
2.3027676	-0.040127493793372444
2.3042681	-0.040195596104778526
2.3057686	-0.040262446244156286
2.3072691	-0.04032805223065563
2.3087696	-0.040392422766876705
2.3102701	-0.040455564778448944
2.3117706	-0.040517487241352616
2.3132711	-0.04057819708121716
2.3147716	-0.04063770181599559
2.3162721	-0.04069600882695086
2.3177726	-0.04075312663442972
2.3192731	-0.04080906107054118
2.3207736	-0.04086381969880158
2.3222741	-0.0409174099004739
2.3237746	-0.04096983796330065
2.3252751	-0.04102111058509451
2.3267756	-0.04107123428141477
2.3282761	-0.04112021588676415
2.3297766	-0.041168062053392
2.3312771	-0.04121477856784395
2.3327776	-0.041260375271803956
2.3342781	-0.041304851572948456
2.3357786	-0.041348220365705936
2.3372791	-0.04139048288028689
2.3387796	-0.04143165000633235
2.3402801	-0.04147172930735868
2.3417806	-0.04151071982653549
2.3432811	-0.04154863309139075
2.3447816	-0.041585479672622
2.3462821	-0.04162126271410052
2.3477826	-0.0416559891870191
2.3492831	-0.04168966615369723
2.3507836	-0.04172230527835292
2.3522841	-0.0417539116185182
2.3537846	-0.041784486131023445
2.3552851	-0.041814040580326034
2.3567856	-0.041842581668794995
2.3582861	-0.04187012193090834
2.3597866	-0.041896657803611986
2.3612871	-0.04192220014009627
2.3627876	-0.04194675823984125
2.3642881	-0.04197033643136534
2.3657886	-0.04199294226451588
2.3672891	-0.04201458191768336
2.3687896	-0.042035264362291706
2.3702901	-0.0420549936398102
2.3717906	-0.042073775527671824
2.3732911	-0.04209161756205493
2.3747916	-0.042108526686814286
2.3762921	-0.042124507371714706
2.3777926	-0.04213956787283549
2.3792931	-0.04215371431844742
2.3807936	-0.042166951255772994
2.3822941	-0.04217928645336365
2.3837946	-0.0421907252147935
2.3852951	-0.0422012738551431
2.3867956	-0.042210937819232956
2.3882961	-0.04221972355746675
2.3897966	-0.04222763685957956
2.3912971	-0.04223468418189832
2.3927976	-0.04224087059334588
2.3942981	-0.042246202679193455
2.3957986	-0.04225068585737918
2.3972991	-0.0422543261563901
2.3987996	-0.04225712933629956
2.4003001	-0.042259101331642984
2.4018006	-0.04226024800363524
2.4033011	-0.04226057546978277
2.4048016	-0.042260091440222525
2.4063021	-0.04225879939347265
2.4078026	-0.04225670361521514
2.4093031	-0.04225380972040407
2.4108036	-0.042250121644118316
2.4123041	-0.04224564493911795
2.4138046	-0.042240384958641165
2.4153051	-0.042234347639137026
2.4168056	-0.04222753829283671
2.4183061	-0.04221996255729369
2.4198066	-0.04221162641816549
2.4213071	-0.042202535039602355
2.4228076	-0.04219269382496216
2.4243081	-0.04218210831474846
2.4258086	-0.04217078347081023
2.4273091	-0.042158724446362546
2.4288096	-0.04214593737878887
2.4303101	-0.042132426496368225
2.4318106	-0.042118196031935964
2.4333111	-0.04210325271519914
2.4348116	-0.04208760055573266
2.4363121	-0.042071244515385534
2.4378126	-0.042054190316914715
2.4393131	-0.042036440607550934
2.4408136	-0.04201800336543705
2.4423141	-0.041998881770895
2.4438146	-0.04197907946443659
2.4453151	-0.04195860256521992
2.4468156	-0.04193745476843282
2.4483161	-0.041915641414100084
2.4498166	-0.04189316789692254
2.4513171	-0.04187003494591383
2.4528176	-0.04184625002435092
2.4543181	-0.04182182171181293
2.4558186	-0.041796745406401346
2.4573191	-0.041771030772103035
2.4588196	-0.041744679526656364
2.4603201	-0.04171769814005724
2.4618206	-0.041690089027163306
2.4633211	-0.041661854557268854
2.4648216	-0.04163300525550808
2.4663221	-0.04160354134969776
2.4678226	-0.04157346625708926
2.4693231	-0.041542780433316086
2.4708236	-0.0415114939023156
2.4723241	-0.041479604841553726
2.4738246	-0.04144712140687041
2.4753251	-0.04141404760784058
2.4768256	-0.04138038230538046
2.4783261	-0.0413461286433613
2.4798266	-0.0413112951876932
2.4813271	-0.04127588389760027
2.4828276	-0.04123989650448988
2.4843281	-0.04120333697237362
2.4858286	-0.04116620334202736
2.4873291	-0.04112851274527132
2.4888296	-0.041090255750491696
2.4903301	-0.0410514437485264
2.4918306	-0.04101207573698169
2.4933311	-0.040972158185853494
2.4948316	-0.04093169556035027
2.4963321	-0.04089069127772338
2.4978326	-0.04084914975761793
2.4993331	-0.04080707500960886
2.5008336	-0.040764471908974795
2.5023341	-0.04072134592331793
2.5038346	-0.04067770279362055
2.5053351	-0.040633546438330885
2.5068356	-0.04058888615237269
2.5083361	-0.040543727357784776
2.5098366	-0.040498076843506536
2.5113371	-0.040451941626294126
2.5128376	-0.04040533100107126
2.5143381	-0.04035824833952595
2.5158386	-0.04031070330108874
2.5173391	-0.040262703722656105
2.5188396	-0.04021425721330776
2.5203401	-0.04016537156437681
2.5218406	-0.04011605584297025
2.5233411	-0.04006631360302947
2.5248416	-0.04001615295483108
2.5263421	-0.03996558077844116
2.5278426	-0.03991460541195305
2.5293431	-0.03986322995367465
2.5308436	-0.03981146060022179
2.5323441	-0.03975930568968781
2.5338446	-0.03970676490312923
2.5353451	-0.039653838787306286
2.5368456	-0.03960053435897512
2.5383461	-0.03954685676679446
2.5398466	-0.039492804416047
2.5413471	-0.03943838140743438
2.5428476	-0.03938359503109286
2.5443481	-0.039328438862589854
2.5458486	-0.03927291795945741
2.5473491	-0.03921703847274797
2.5488496	-0.03916079953675786
2.5503501	-0.039104200149093354
2.5518506	-0.03904724523059642
2.5533511	-0.03898993696830793
2.5548516	-0.038932275407791234
2.5563521	-0.0388742682948161
2.5578526	-0.03881590952389343
2.5593531	-0.03875720150988084
2.5608536	-0.038698148490170045
2.5623541	-0.03863875725370042
2.5638546	-0.03857902470216405
2.5653551	-0.038518957487810285
2.5668556	-0.03845855747873653
2.5683561	-0.03839782973247481
2.5698566	-0.038336771424097325
2.5713571	-0.038275387337756005
2.5728576	-0.03821367865809798
2.5743581	-0.03815165235631604
2.5758586	-0.038089308204593435
2.5773591	-0.038026650075815044
2.5788596	-0.03796368166061235
2.5803601	-0.0379004043258859
2.5818606	-0.03783682308360436
2.5833611	-0.037772939528485046
2.5848616	-0.037708756758835865
2.5863621	-0.03764427978662549
2.5878626	-0.037579509659810995
2.5893631	-0.037514450661347454
2.5908636	-0.03744910552503594
2.5923641	-0.03738347652904405
2.5938646	-0.037317567318439895
2.5953651	-0.03725138062702458
2.5968656	-0.03718491964423272
2.5983661	-0.03711818710386539
2.5998666	-0.03705118665099074
2.6013671	-0.03698392056377634
2.6028676	-0.036916392031656795
2.6043681	-0.03684860378843321
2.6058686	-0.03678055902354019
2.6073691	-0.036712260470778836
2.6088696	-0.03664371131958375
2.6103701	-0.036574914303756034
2.6118706	-0.03650587170146327
2.6133711	-0.03643658715777358
2.6148716	-0.03636706295085454
2.6163721	-0.0362973031814078
2.6178726	-0.036227308305066874
2.6193731	-0.03615708287816692
2.6208736	-0.03608662826760848
2.6223741	-0.03601594811845969
2.6238746	-0.035945044708888124
2.6253751	-0.03587392168396191
2.6268756	-0.03580257904368105
2.6283761	-0.0357310213443807
2.6298766	-0.035659252231128986
2.6313771	-0.035587275348994044
2.6328776	-0.03551509160924289
2.6343781	-0.03544270329004312
2.6358786	-0.03537011677026394
2.6373791	-0.0352973329611724
2.6388796	-0.035224355052203095
2.6403801	-0.03515118304335603
2.6418806	-0.035077824224767455
2.6433811	-0.03500428224150551
2.6448816	-0.03493055663793667
2.6463821	-0.034856655615464215
2.6478826	-0.034782575073386515
2.6493831	-0.034708328680709034
2.6508836	-0.034633914614897725
2.6523841	-0.03455933879918827
2.6538846	-0.03448460396738179
2.6553851	-0.03440971285327936
2.6568856	-0.03433466955758263
2.6583861	-0.03425947863662676
2.6598866	-0.034184147380548
2.6613871	-0.03410867715624691
2.6628876	-0.03403307343132567
2.6643881	-0.033957336205784276
2.6658886	-0.033881477326094145
2.6673891	-0.03380549496972121
2.6688896	-0.0337294009831369
2.6703901	-0.03365319126563955
2.6718906	-0.03357687538553301
2.6733911	-0.033500453798450784
2.6748916	-0.03342393242762858
2.6763921	-0.0333473140068675
2.6778926	-0.03327060035870161
2.6793931	-0.033193793305664965
2.6808936	-0.0331168996822603
2.6823941	-0.033039918121587075
2.6838946	-0.03296285272434694
2.6853951	-0.0328856984785712
2.6868956	-0.03280845857369447
2.6883961	-0.032731132554083255
2.6898966	-0.03265371859720347
2.6913971	-0.03257621396925404
2.6928976	-0.03249861730333439
2.6943981	-0.03242092541000993
2.6958986	-0.032343136466746594
2.6973991	-0.032265246372842726
2.6988996	-0.03218725148323022
2.7004001	-0.032109147697207414
2.7019006	-0.03203093410350728
2.7034011	-0.031952604323260615
2.7049016	-0.03187415790083388
2.7064021	-0.031795590735525445
2.7079026	-0.03171690237170178
2.7094031	-0.031638088708661256
2.7109036	-0.0315591506576709
2.7124041	-0.03148008958563126
2.7139046	-0.03140090048057367
2.7154051	-0.031321586531932726
2.7169056	-0.031242145005907333
2.7184061	-0.03116258547080133
2.7199066	-0.03108290382591309
2.7214071	-0.031003105994478294
2.7229076	-0.03092319516593156
2.7244081	-0.030843170429005865
2.7259086	-0.03076303861820394
2.7274091	-0.03068279791099172
2.7289096	-0.03060245423060492
2.7304101	-0.030522012133378688
2.7319106	-0.03044147663128171
2.7334111	-0.03036085228064913
2.7349116	-0.030280137714580407
2.7364121	-0.030199340223211805
2.7379126	-0.03011846572977902
2.7394131	-0.03003751605681611
2.7409136	-0.0299564943937577
2.7424141	-0.029875404385671905
2.7439146	-0.02979425514522905
2.7454151	-0.0297130398379264
2.7469156	-0.029631767576434258
2.7484161	-0.02955044200582076
2.7499166	-0.029469064492986457
2.7514171	-0.029387637316098923
2.7529176	-0.029306165487126834
2.7544181	-0.029224650828604256
2.7559186	-0.02914309652996579
2.7574191	-0.029061506691913094
2.7589196	-0.028979883136980224
2.7604201	-0.028898225865167177
2.7619206	-0.0288165389771756
2.7634211	-0.02873482475117307
2.7649216	-0.02865308546532717
2.7664221	-0.02857132613160657
2.7679226	-0.028489544016210174
2.7694231	-0.02840774413110666
2.7709236	-0.028325929210097123
2.7724241	-0.028244099708815085
2.7739246	-0.028162258361061624
2.7754251	-0.028080407900637854
2.7769256	-0.027998549694444312
2.7784261	-0.02791668556501506
2.7799266	-0.027834817334884167
2.7814271	-0.02775294637095218
2.7829276	-0.027671076318287226
2.7844281	-0.027589207632522816
2.7859286	-0.027507342591826533
2.7874291	-0.027425482563098926
2.7889296	-0.027343629824507575
2.7904301	-0.02726178528731951
2.7919306	-0.027179951229702303
2.7934311	-0.027098129018556513
2.7949316	-0.02701632093204972
2.7964321	-0.026934527881448938
2.7979326	-0.026852752144921773
2.7994331	-0.02677099508936875
2.8009336	-0.026689258081690422
2.8024341	-0.02660754248878735
2.8039346	-0.026525851044460612
2.8054351	-0.026444184204343732
2.8069356	-0.02636254379097077
2.8084361	-0.026280931626875798
2.8099366	-0.02619934862332584
2.8114371	-0.026117797058488476
2.8129376	-0.026036277843630735
2.8144381	-0.025954792801286684
2.8159386	-0.02587334284272336
2.8174391	-0.025791930246108333
2.8189396	-0.025710555467075125
2.8204401	-0.025629221239424828
2.8219406	-0.025547928474424476
2.8234411	-0.025466677172074067
2.8249416	-0.02538547006617469
2.8264421	-0.025304309434893944
2.8279426	-0.025223194822598292
2.8294431	-0.025142127596188293
2.8309436	-0.025061110489465042
2.8324441	-0.024980143502428533
2.8339446	-0.024899228913246346
2.8354451	-0.02481836808881904
2.8369456	-0.024737560117879566
2.8384461	-0.024656809556763096
2.8399466	-0.024576115949836105
2.8414471	-0.024495480663999147
2.8429476	-0.02441490825558738
2.8444481	-0.024334404647836507
2.8459486	-0.02425396118370973
2.8474491	-0.024173583786442753
2.8489496	-0.024093272000402056
2.8504502	-0.024013026281221168
2.8519507	-0.023932850729601718
2.8534512	-0.02385274306737614
2.8549517	-0.02377270739524606
2.8564522	-0.023692741890677424
2.8579527	-0.023612851110005394
2.8594532	-0.023533035053229963
2.8609537	-0.023453295998518715
2.8624542	-0.023373634401505163
2.8639547	-0.02329405026218931
2.8654552	-0.02321454950380686
2.8669557	-0.023135128481289687
2.8684562	-0.02305579448477404
2.8699567	-0.022976544324825317
2.8714572	-0.022897381190878127
2.8729577	-0.022818305994199494
2.8744582	-0.022739321012957007
2.8759587	-0.022660426702784175
2.8774592	-0.0225816257974821
2.8789597	-0.022502917841417253
2.8804602	-0.022424304657123712
2.8819607	-0.02234578852276905
2.8834612	-0.022267369438353266
2.8849617	-0.022189049682043945
2.8864622	-0.022110829253841075
2.8879627	-0.02203271043191225
2.8894632	-0.02195469412752449
2.8909637	-0.02187678079631132
2.8924642	-0.021798971805173283
2.8939647	-0.02172126806537741
2.8954652	-0.021643670943824248
2.8969657	-0.021566180440513803
2.8984662	-0.021488798833613647
2.8999667	-0.021411526578757303
2.9014672	-0.021334364131578274
2.9029677	-0.021257312858977126
2.9044682	-0.021180372760953844
2.9059687	-0.021103546115676015
2.9074692	-0.021026832011876603
2.9089697	-0.02095023227208968
2.9104702	-0.020873747807582266
2.9119707	-0.02079737816272085
2.9134712	-0.02072112470440598
2.9149717	-0.020644988799538203
2.9164722	-0.020568969536850487
2.9179727	-0.0204930687388769
2.9194732	-0.020417285949983918
2.9209737	-0.020341622537072095
2.9224742	-0.02026607850014143
2.9239747	-0.020190653839191924
2.9254752	-0.02011535538872631
2.9269757	-0.020040173124807242
2.9284762	-0.019965114337570974
2.9299767	-0.019890176293216412
2.9314772	-0.01981535899174355
2.9329777	-0.019740666078220528
2.9344782	-0.019666096185746784
2.9359787	-0.019591650681222872
2.9374792	-0.01951733002028231
2.9389797	-0.01944313238039103
2.9404802	-0.01936906231788419
2.9419807	-0.01929512074402883
2.9434812	-0.01922130538065736
2.9449817	-0.019147617594670336
2.9464822	-0.019074057841701266
2.9479827	-0.019000627488650706
2.9494832	-0.01892732699115217
2.9509837	-0.018854160449907297
2.9524842	-0.01878112330858093
2.9539847	-0.018708217389707127
2.9554852	-0.018635445882720512
2.9569857	-0.01856280833198756
2.9584862	-0.018490307926942878
2.9599867	-0.01841794056688484
2.9614872	-0.018345710352515067
2.9629877	-0.018273617283833574
2.9644882	-0.018201661816473876
2.9659887	-0.018129845772970027
2.9674892	-0.018058170064589072
2.9689897	-0.01798663423569748
2.9704902	-0.01791524010882933
2.9719907	-0.017843987228351094
2.9734912	-0.017772878328063874
2.9749917	-0.017701912041067115
2.9764922	-0.017631091101161924
2.9779927	-0.01756041459708126
2.9794932	-0.017489884351359192
2.9809937	-0.017419500363995713
2.9824942	-0.017349264001891376
2.9839947	-0.01727917526504618
2.9854952	-0.01720923460909364
2.9869957	-0.01713944476783485
2.9884962	-0.017069804374369273
2.9899967	-0.01700031433996392
2.9914972	-0.016930975575885843
2.9929977	-0.01686178899340206
2.9944982	-0.0167927550481461
2.9959987	-0.016723874195751463
2.9974992	-0.01665514689185168
2.9989997	-0.016586574503347287
3.0005002	-0.016518156574604773
3.0020007	-0.01644989401689117
3.0035012	-0.016381787741473506
3.0050017	-0.01631383774835179
3.0065022	-0.016246044493159528
3.0080027	-0.016178407975896727
3.0095032	-0.016110930019097445
3.0110037	-0.016043609711494655
3.0125042	-0.015976447053088354
3.0140047	-0.01590944249951206
3.0155052	-0.015842596506399284
3.0170057	-0.015775908618116518
3.0185062	-0.015709378834663754
3.0200067	-0.015643006700407483
3.0215072	-0.015576792670981216
3.0230077	-0.015510735379484405
3.0245082	-0.015444833459016509
3.0260087	-0.015379090554645647
3.0275092	-0.0153135002875026
3.0290097	-0.015248064480121433
3.0305102	-0.015182779943067532
3.0320107	-0.015117647131974417
3.0335112	-0.015052663313040988
3.0350117	-0.014987825752466153
3.0365122	-0.014923133083349367
3.0380127	-0.014858582116256012
3.0395132	-0.014794170573018513
3.0410137	-0.014729894808568744
3.0425142	-0.014665753000372636
3.0440147	-0.014601740136461518
3.0455152	-0.014537853027400781
3.0470157	-0.014474086205588235
3.0485162	-0.01441044012665739
3.0500167	-0.014346911145540124
3.0515172	-0.01428349470590128
3.0530177	-0.014220189896473816
3.0545182	-0.014156994894723683
3.0560187	-0.014093909700650869
3.0575192	-0.01403093431425538
3.0590197	-0.01396806873553722
3.0605202	-0.013905322532800211
3.0620207	-0.013842697984211942
3.0635212	-0.013780202835542174
3.0650217	-0.013717845743827716
3.0665222	-0.013655636733005915
3.0680227	-0.013593588105181702
3.0695232	-0.013531711706826485
3.0710237	-0.013470017106244094
3.0725242	-0.013408520706241113
3.0740247	-0.01334723116385433
3.0755252	-0.01328616078118868
3.0770257	-0.013225317759647446
3.0785262	-0.013164710756267432
3.0800267	-0.01310434478301731
3.0815272	-0.01304422485186576
3.0830277	-0.012984352785346837
3.0845282	-0.012924733139795705
3.0860287	-0.012865360447610172
3.0875292	-0.012806235164423757
3.0890297	-0.012747355012068877
3.0905302	-0.012688718623644984
3.0920307	-0.01263032098718341
3.0935312	-0.01257215845761602
3.0950317	-0.012514227389874687
3.0965322	-0.012456524138891291
3.0980327	-0.012399048249032313
3.0995332	-0.0123417896963604
3.1010337	-0.012284748025242043
3.1025342	-0.012227920046242624
3.1040347	-0.012171302569927538
3.1055352	-0.01211489240686217
3.1070357	-0.01205868773451246
3.1085362	-0.012002686274710826
3.1100367	-0.011946884838022653
3.1115372	-0.0118912820575474
3.1130377	-0.011835876566384518
3.1145382	-0.011780666541999944
3.1160387	-0.011725650617493127
3.1175392	-0.01167082788159704
3.1190397	-0.011616196967411131
3.1205402	-0.011561757419301884
3.1220407	-0.01150750741473524
3.1235412	-0.01145344740934471
3.1250417	-0.011399576491863265
3.1265422	-0.011345893751023878
3.1280427	-0.011292398275559506
3.1295432	-0.011239090521103676
3.1310437	-0.011185970032022862
3.1325442	-0.01113303589705004
3.1340447	-0.011080287660551691
3.1355452	-0.011027725778161333
3.1370457	-0.010975349338611932
3.1385462	-0.010923158797537
3.1400467	-0.010871153243669517
3.1415472	-0.010819333132642989
3.1430477	-0.010767697553190386
3.1445482	-0.010716246960945227
3.1460487	-0.01066498090027399
3.1475492	-0.010613899371176683
3.1490497	-0.01056300191801978
3.1505502	-0.010512288540803293
3.1520507	-0.01046175969516073
3.1535512	-0.010411414014191545
3.1550517	-0.01036125240916277
3.1565522	-0.01031127442444089
3.1580527	-0.010261479604392389
3.1595532	-0.010211868860284296
3.1610537	-0.010162440825216067
3.1625542	-0.010113196410454729
3.1640547	-0.010064135160366776
3.1655552	-0.01001525661931868
3.1670557	-0.009966561698577481
3.1685562	-0.009918049486876142
3.1700567	-0.009869720439848182
3.1715572	-0.009821575013127117
3.1730577	-0.009773612751079429
3.1745582	-0.00972583410933864
3.1760587	-0.009678239087904739
3.1775592	-0.00963082814241125
3.1790597	-0.00958360172849169
3.1805602	-0.009536560757413083
3.1820607	-0.00948970477354192
3.1835612	-0.00944303468814523
3.1850617	-0.009396551868123562
3.1865622	-0.00935025676911043
3.1880627	-0.009304150758006384
3.1895632	-0.009258234290444936
3.1910637	-0.009212509188960154
3.1925642	-0.009166975909185554
3.1940647	-0.009121636729288708
3.1955652	-0.00907649301617017
3.1970657	-0.009031546136730491
3.1985662	-0.008986796546603176
3.2000667	-0.008942246523955815
3.2015672	-0.008897896068788403
3.2030677	-0.008853747459268516
3.2045682	-0.008809800239762645
3.2060687	-0.008766053499003758
3.2075692	-0.008722507692625362
3.2090697	-0.008679160998093403
3.2105702	-0.008636012048507329
3.2120707	-0.008593057654432532
3.2135712	-0.008550295082067914
3.2150717	-0.008507719775078314
3.2165722	-0.008465329910929674
3.2180727	-0.008423120022019802
3.2195732	-0.008381085096380024
3.2210737	-0.008339221033308692
3.2225742	-0.008297523276470658
3.2240747	-0.00825598818079778
3.2255752	-0.00821461164558843
3.2270757	-0.008173390937041503
3.2285762	-0.008132325143889972
3.2300767	-0.00809140834289813
3.2315772	-0.00805064098969949
3.2330777	-0.008010022628660539
3.2345782	-0.00796955280414776
3.2360787	-0.007929230604894125
3.2375792	-0.007889056486533142
3.2390797	-0.007849030904698334
3.2405802	-0.007809154315023212
3.2420807	-0.0077694285400418455
3.2435812	-0.007729852668487196
3.2450817	-0.007690428522893334
3.2465822	-0.007651157014527281
3.2480827	-0.007612038599022566
3.2495832	-0.00757307418764621
3.2510837	-0.007534264236031731
3.2525842	-0.007495609655446166
3.2540847	-0.0074571109015230275
3.2555852	-0.007418768429895829
3.2570857	-0.007380583151831607
3.2585862	-0.007342554156063323
3.2600867	-0.00730468417639208
3.2615872	-0.007266970479016776
3.2630877	-0.007229414886471483
3.2645882	-0.0071920178543897085
3.2660887	-0.007154778927137936
3.2675892	-0.007117698104716175
3.2690897	-0.007080775387124416
3.2705902	-0.007044010774362668
3.2720907	-0.007007404266430921
3.2735912	-0.006970955407695664
3.2750917	-0.006934664653790413
3.2765922	-0.006898531549081653
3.2780927	-0.006862555182302348
3.2795932	-0.006826736920353049
3.2810937	-0.006791075396333211
3.2825942	-0.006755570610242833
3.2840947	-0.006720222106448394
3.2855952	-0.006685030340583411
3.2870957	-0.006649994401380859
3.2885962	-0.006615113833207213
3.2900967	-0.00658038863606248
3.2915972	-0.006545818809946658
3.2930977	-0.006511403443592711
3.2945982	-0.0064771429926341615
3.2960987	-0.006443036090170459
3.2975992	-0.006409082736201603
3.2990997	-0.006375283386361111
3.3006002	-0.006341636673748437
3.3021007	-0.006308143053997088
3.3036012	-0.0062748016158400395
3.3051017	-0.006241612359277296
3.3066022	-0.006208574373041815
3.3081027	-0.006175687657133601
3.3096032	-0.006142951755919142
3.3111037	-0.0061103657581314036
3.3126042	-0.0060779310306709276
3.3141047	-0.006045645295370143
3.3156052	-0.006013509007862563
3.3171057	-0.005981521256881157
3.3186062	-0.005949682498059439
3.3201067	-0.005917991364496861
3.3216072	-0.00588644785619342
3.3231077	-0.005855051517515608
3.3246082	-0.005823801892829906
3.3261087	-0.005792698526502796
3.3276092	-0.0057617409629007596
3.3291097	-0.005730928746390289
3.3306102	-0.005700261421337862
3.3321107	-0.005669738076476451
3.3336112	-0.005639358711806054
3.3351117	-0.005609122871693151
3.3366122	-0.005579029644870717
3.3381127	-0.005549078120071718
3.3396132	-0.005519268752929667
3.3411137	-0.005489600176544017
3.3426142	-0.0054600723909147735
3.3441147	-0.005430684940408419
3.3456152	-0.005401436458124399
3.3471157	-0.005372326488429204
3.3486162	-0.005343354575689319
3.3501167	-0.005314520719904739
3.3516172	-0.005285824009808434
3.3531177	-0.005257263078499859
3.3546182	-0.005228839748513076
3.3561187	-0.005200551286046989
3.3576192	-0.005172399058002144
3.3591197	-0.005144382153111512
3.3606202	-0.005116500115741579
3.3621207	-0.005088754312792888
3.3636212	-0.005061144744265439
3.3651217	-0.005033670954525725
3.3666222	-0.005006333399207251
3.3681227	-0.0049791329895770495
3.3696232	-0.004952069270001611
3.3711237	-0.004925143151747968
3.3726242	-0.004898355090449627
3.3741247	-0.004871705086106595
3.3756252	-0.004845193138718872
3.3771257	-0.00481881970391997
3.3786262	-0.0047925843260763785
3.3801267	-0.004766487460821608
3.3816272	-0.004740528196888635
3.3831277	-0.004714706534277441
3.3846282	-0.00468902201735453
3.3861287	-0.00466347327921935
3.3876292	-0.004638060775505411
3.3891297	-0.00461278359494569
3.3906302	-0.004587640826273142
3.3921307	-0.004562631558220745
3.3936312	-0.004537755335154984
3.3951317	-0.004513010334541793
3.3966322	-0.0044883979232817105
3.3981327	-0.004463915823207171
3.3996332	-0.004439563578684656
3.4011337	-0.004415341189714165
3.4026342	-0.004391247745028655
3.4041347	-0.00436728278899463
3.4056352	-0.004343445865978554
3.4071357	-0.004319735609079897
3.4086362	-0.004296152018298649
3.4101367	-0.004272695093634803
3.4116372	-0.00424936346818783
3.4131377	-0.0042261566863242
3.4146382	-0.004203075203677441
3.4161387	-0.0041801176533469925
3.4176392	-0.00415728357969934
3.4191397	-0.004134573438368006
3.4206402	-0.004111985862452435
3.4221407	-0.004089520851952644
3.4236412	-0.004067177951235095
3.4251417	-0.004044956704666284
3.4266422	-0.004022856656612698
3.4281427	-0.004000877351440817
3.4296432	-0.003979018333517119
3.4311437	-0.0039572791472081
3.4326442	-0.003935659792513744
3.4341447	-0.003914159813800554
3.4356452	-0.0038927782998014887
3.4371457	-0.003871515250516548
3.4386462	-0.003850369754678698
3.4401467	-0.00382934226792146
3.4416472	-0.0038084314233442795
3.4431477	-0.003787637676580686
3.4446482	-0.0037669601163636286
3.4461487	-0.0037463982870596033
3.4476492	-0.00372595218866861
3.4491497	-0.0037056213655571363
3.4506502	-0.00368540490645814
3.4521507	-0.003665302811371622
3.4536512	-0.003645314169030556
3.4551517	-0.003625439435068463
3.4566522	-0.003605677698218301
3.4581527	-0.0035860285028465584
3.4596532	-0.003566491393319722
3.4611537	-0.003547066369637783
3.4626542	-0.0035277525205337167
3.4641547	-0.0035085503016410355
3.4656552	-0.003489457890425689
3.4671557	-0.003470476198154686
3.4686562	-0.003451604313561009
3.4701567	-0.003432841781011146
3.4716572	-0.003414188600505088
3.4731577	-0.0033956438607758016
3.4746582	-0.0033772075618232955
3.4761587	-0.003358879248014049
3.4776592	-0.0033406584637145484
3.4791597	-0.0033225452089247947
3.4806602	-0.003304538572377754
3.4821607	-0.0032866385540734175
3.4836612	-0.0032688451540118023
3.4851617	-0.0032511574609258667
3.4866622	-0.0032335754748156103
3.4881627	-0.0032160987400475126
3.4896632	-0.0031987272566215896
3.4911637	-0.0031814605689043127
3.4926642	-0.0031642982212621686
3.4941647	-0.003147240669328679
3.4956652	-0.00313028654620328
3.4971657	-0.003113436763153023
3.4986662	-0.0030966904089108653
3.5001667	-0.003080047939110328
3.5016672	-0.003063507531217344
3.5031677	-0.003047071463399485
3.5046682	-0.0030307383687562216
3.5061687	-0.0030145082472875446
3.5076692	-0.0029983806433599336
3.5091697	-0.0029823560126069097
3.5106702	-0.002966433443761439
3.5121707	-0.002950612936823522
3.5136712	-0.002934894491793158
3.5151717	-0.002919277197403314
3.5166722	-0.0029037610536539974
3.5181727	-0.0028883456049116885
3.5196732	-0.002873029939909353
3.5211737	-0.00285781360301347
3.5226742	-0.002842695682957023
3.5241747	-0.002827674812839457
3.5256752	-0.0028127509926607636
3.5271757	-0.0027979223998868845
3.5286762	-0.0027831881232507935
3.5301767	-0.0027685467958519453
3.5316772	-0.0027539979620568103
3.5331777	-0.0027395402549648504
3.5346782	-0.0027251723076755115
3.5361787	-0.0027108932089217764
3.5376792	-0.0026967025030701156
3.5391797	-0.002682599278853496
3.5406802	-0.002668582625004892
3.5421807	-0.002654652085890791
3.5436812	-0.0026408076615111933
3.5451817	-0.0026270479849655358
3.5466822	-0.0026133739675208685
3.5481827	-0.002599784242276637
3.5496832	-0.0025862788092328335
3.5511837	-0.0025728581240229867
3.5526842	-0.0025595208197465424
3.5541847	-0.002546268263304046
3.5556852	-0.0025330986321614483
3.5571857	-0.002520012381952244
3.5586862	-0.0025070099683099636
3.5601867	-0.002494090479967564
3.5616872	-0.002481253916925063
3.5631877	-0.002468499823548922
3.5646882	-0.002455828655472679
3.5661887	-0.0024432395014292838
3.5676892	-0.002430732361418753
3.5691897	-0.00241830723544107
3.5706902	-0.002405963212229218
3.5721907	-0.002393700747416701
3.5736912	-0.002381518929736494
3.5751917	-0.0023694182148221096
3.5766922	-0.002357397235773001
3.5781927	-0.0023454564482226904
3.5796932	-0.0023335953965376555
3.5811937	-0.0023218136250843764
3.5826942	-0.002310110678229348
3.5841947	-0.0022984865559725625
3.5856952	-0.002286940347046986
3.5871957	-0.002275472507086148
3.5886962	-0.002264082124822998
3.5901967	-0.002252768744624032
3.5916972	-0.00224153236648925
3.5931977	-0.002230372534785131
3.5946982	-0.002219289249511683
3.5961987	-0.0022082811437683435
3.5976992	-0.0021973491288221625
3.5991997	-0.0021864918377725775
3.6007002	-0.0021757092706195962
3.6022007	-0.002165001427363219
3.6037012	-0.0021543673967364127
3.6052017	-0.002143806723105656
3.6067022	-0.0021333198621044693
3.6082027	-0.002122905902465828
3.6097032	-0.0021125643885562028
3.6112037	-0.0021022948647420893
3.6127042	-0.0020920977866569998
3.6142047	-0.0020819717874003803
3.6157052	-0.0020719173226057593
3.6172057	-0.0020619339366396085
3.6187062	-0.002052020718234894
3.6202067	-0.002042178123025153
3.6217072	-0.0020324052397433273
3.6232077	-0.0020227020683894334
3.6247082	-0.0020130686089634715
3.6262087	-0.0020035039501983994
3.6277092	-0.0019940080920942253
3.6292097	-0.001984580579017437
3.6307102	-0.001975221866601539
3.6322107	-0.001965931043579505
3.6337112	-0.001956708109951328
3.6352117	-0.0019475530657170237
3.6367122	-0.0019384654552430716
3.6382127	-0.001929445278529463
3.6397132	-0.0019204925355761984
3.6412137	-0.0019116072263832857
3.6427142	-0.0019027884396836915
3.6442147	-0.0018940379980114746
3.6457152	-0.0018853545344660887
3.6472157	-0.0018767380490475425
3.6487162	-0.0018681894530228524
3.6502167	-0.0018597082907585143
3.6517172	-0.001851295017888041
3.6532177	-0.0018429496344114242
3.6547182	-0.0018346721403286802
3.6562187	-0.00182646208000628
3.6577192	-0.001818320820344778
3.6592197	-0.001810246994443628
3.6607202	-0.0018022410579363345
3.6622207	-0.0017943020995558805
3.6637212	-0.0017864301193022492
3.6652217	-0.0017786246615419446
3.6667222	-0.0017708848150079168
3.6682227	-0.0017632087571661148
3.6697232	-0.0017555960323830178
3.6712237	-0.0017480448181245588
3.6727242	-0.0017405537474901999
3.6742247	-0.0017331214535793865
3.6757252	-0.0017257456582245388
3.6772257	-0.0017184249945251106
3.6787262	-0.0017111576399470429
3.6802267	-0.0017039426832232939
3.6817272	-0.0016967778461862923
3.6832277	-0.0016896631288360379
3.6847282	-0.0016825967086384634
3.6862287	-0.0016755785855935774
3.6877292	-0.0016686078484343379
3.6892297	-0.001661684497160745
3.6907302	-0.0016548076205057732
3.6922307	-0.001647978129736448
3.6937312	-0.001641195113585744
3.6952317	-0.0016344590276871737
3.6967322	-0.0016277698720407376
3.6982327	-0.0016211285579134688
3.6997332	-0.0016145341740383336
3.7012337	-0.0016079867204153242
3.7027342	-0.0016014875639450115
3.7042347	-0.0015950353377268244
3.7057352	-0.0015886314086613173
3.7072357	-0.001582274865481465
3.7087362	-0.0015759661638207801
3.7102367	-0.0015697048480457418
3.7117372	-0.001563491373789871
3.7132377	-0.0015573257410531674
3.7147382	-0.0015512070385685897
3.7162387	-0.0015451357219696748
3.7177392	-0.0015391117912563982
3.7192397	-0.0015331343351617512
3.7207402	-0.0015272042649527424
3.7222407	-0.001521320213728842
3.7237412	-0.001515483092757084
3.7252417	-0.0015096919907704178
3.7267422	-0.001503946907768852
3.7282427	-0.0014982473881188822
3.7297432	-0.0014925934318204916
3.7312437	-0.001486984583240176
3.7327442	-0.0014814208423779354
3.7342447	-0.0014759017536002408
3.7357452	-0.0014704273169071085
3.7372457	-0.0014649970766650092
3.7387462	-0.0014596105772404387
3.7402467	-0.0014542682742669014
3.7417472	-0.0014489688008438592
3.7432477	-0.001443712612604825
3.7447482	-0.0014384992539162775
3.7462487	-0.0014333287247782253
3.7477492	-0.0014282005695571475
3.7492497	-0.0014231143326195312
3.7507503	-0.0014180700139653681
3.7522508	-0.0014130671579611542
3.7537513	-0.0014081053089733684
3.7552518	-0.0014031849226355314
3.7567523	-0.0013983050876805933
3.7582528	-0.0013934653484750663
3.7597533	-0.001388666616285959
3.7612538	-0.0013839075242127335
3.7627543	-0.00137918807225539
3.7642548	-0.0013745082604139198
3.7657553	-0.001369867633054819
3.7672558	-0.0013652657345445663
3.7687563	-0.001360703020516683
3.7702568	-0.0013561785797041267
3.7717573	-0.0013516928677404188
3.7732578	-0.001347244973358534
3.7747583	-0.0013428353521919764
3.7762588	-0.001338463548607242
3.7777593	-0.001334129106970801
3.7792598	-0.0013298320272826622
3.7807603	-0.0013255723095428253
3.7822608	-0.0013213499537512907
3.7837613	-0.0013171645042745453
3.7852618	-0.00131301550547906
3.7867623	-0.001308903868631885
3.7882628	-0.0013048286824659705
3.7897633	-0.0013007904026148534
3.7912638	-0.0012967890290785091
3.7927643	-0.0012928245618569543
3.7942648	-0.001288896545316668
3.7957653	-0.001285005435091171
3.7972658	-0.0012811516868139678
3.7987663	-0.0012773353004850749
3.8002668	-0.0012735553648374422
3.8017673	-0.0012698132467716323
3.8032678	-0.0012661084906541247
3.8047683	-0.0012624415521184315
3.8062688	-0.0012588128867980657
3.8077693	-0.001255222494693044
3.8092698	-0.0012516694645363158
3.8107703	-0.0012481542519614025
3.8122708	-0.0012446773126018247
3.8137713	-0.0012412381908240698
3.8152718	-0.0012378364309946087
3.8167723	-0.0012344720331134496
3.8182728	-0.0012311431746465254
3.8197733	-0.001227848944326811
3.8212738	-0.0012245893421543059
3.8227743	-0.0012213616343279099
3.8242748	-0.0012181653652141016
3.8257753	-0.0012149987122788307
3.8272758	-0.00121185985298803
3.8287763	-0.0012087474204411453
3.8302768	-0.001205659592104117
3.8317773	-0.0012025945454428786
3.8332778	-0.0011995518248239256
3.8347783	-0.001196530063346695
3.8362788	-0.00119352834974417
3.8377793	-0.0011905462283828211
3.8392798	-0.0011875827879956234
3.8407803	-0.0011846384842160976
3.8422808	-0.0011817133170442355
3.8437813	-0.001178807286480037
3.8452818	-0.001175921303790544
3.8467823	-0.001173054002075194
3.8482828	-0.0011702062926010283
3.8497833	-0.0011673790866350725
3.8512838	-0.0011645719285438222
3.8527843	-0.0011617861852278157
3.8542848	-0.0011590209454200187
3.8557853	-0.0011562775760209862
3.8572858	-0.0011535556213972055
3.8587863	-0.0011508555371821725
3.8602868	-0.0011481773233759124
3.8617873	-0.0011455209799784082
3.8632878	-0.0011428869626231894
3.8647883	-0.0011402752713102393
3.8662888	-0.0011376854504060536
3.8677893	-0.001135117955544145
3.8692898	-0.0011325732423580342
3.8707903	-0.0011300503995806798
3.8722908	-0.0011275498828456022
3.8737913	-0.001125071236519289
3.8752918	-0.0011226144606017402
3.8767923	-0.0011201800107264685
3.8782928	-0.001117766975626432
3.8797933	-0.001115375810935168
3.8812938	-0.0011130065166526603
3.8827943	-0.0011106581815118833
3.8842948	-0.0011083317167798709
3.8857953	-0.001106026211189589
3.8872958	-0.0011037416647410297
3.8887963	-0.0011014780774342096
3.8902968	-0.001099235449269112
3.8917973	-0.0010970133246122325
3.8932978	-0.001094811703463563
3.8947983	-0.0010926305858231116
3.8962988	-0.0010904695160573574
3.8977993	-0.0010883284941663005
3.8992998	-0.001086207520149941
3.9008003	-0.0010841065940082784
3.9023008	-0.001082024804474288
3.9038013	-0.0010799626071814738
3.9053018	-0.0010779200021298443
3.9068023	-0.0010758960780523656
3.9083028	-0.0010738912905825589
3.9098033	-0.0010719056397204077
3.9113038	-0.0010699382141988948
3.9128043	-0.001067989469651533
3.9143048	-0.0010660589504448096
3.9158053	-0.001064146656578716
3.9173058	-0.0010622521324197484
3.9188063	-0.00106037537796789
3.9203068	-0.0010585159375896362
3.9218073	-0.0010566738112849955
3.9233078	-0.0010548480877869179
3.9248083	-0.001053039678362445
3.9263088	-0.001051247671744535
3.9278093	-0.0010494716122996918
3.9293098	-0.0010477105887608655
3.9308103	-0.0010459655123950975
3.9323108	-0.0010442350163018337
3.9338113	-0.0010425191004810824
3.9353118	-0.0010408168536658099
3.9368123	-0.0010391278202224867
3.9383128	-0.0010374520001511299
3.9398133	-0.001035787570917672
3.9413138	-0.0010341349881556256
3.9428143	-0.0010324924293309238
3.9443148	-0.0010308598944435746
3.9458153	-0.0010292360165930238
3.9473158	-0.001027620340145767
3.9488163	-0.0010260124094682746
3.9503168	-0.0010244104020264882
3.9518173	-0.0010228134065533739
3.9533178	-0.0010212223343159656
3.9548183	-0.0010196349071466915
3.9563188	-0.0010180511250455352
3.9578193	-0.0010164714436460259
3.9593198	-0.0010148954073146423
3.9608203	-0.001013323471684906
3.9623208	-0.0010117565480238417
3.9638213	-0.0010101955475984832
3.9653218	-0.0010086413816758643
3.9668223	-0.0010070967840570772
3.9683228	-0.0010055622103756344
3.9698233	-0.001004040850066158
3.9713238	-0.0010025345256627063
3.9728243	-0.0010010446040658177
3.9743248	-0.0009995738190766012
3.9758253	-0.0009981230819620817
3.9773258	-0.0009966951265233603
3.9788263	-0.0009952899527604284
3.9803268	-0.0009939093832073535
3.9818273	-0.0009925543291311606
3.9833278	-0.0009912238792648329
3.9848283	-0.0009899189448753874
3.9863288	-0.0009886395259628403
3.9878293	-0.0009873851668936546
3.9893298	-0.0009861545007673004
3.9908303	-0.0009849479832172905
3.9923308	-0.0009837647029765828
3.9938313	-0.0009826032931446395
3.9953318	-0.000981462842454427
3.9968323	-0.0009803433509059372
3.9983328	-0.0009792443628656737
3.9998333	-0.0009781636001660319
4.0013338	-0.0009771015184405496
4.0028343	-0.0009760572064221846
4.0043348	-0.0009750302084774244
4.0058353	-0.0009740196133392273
4.0073358	-0.0009730249653740969
4.0088363	-0.0009720462645820086
4.0103368	-0.0009710825996959536
4.0118373	-0.0009701339707159234
4.0133378	-0.0009691994663748766
4.0148383	-0.0009682795423063419
4.0163388	-0.0009673732872432862
4.0178393	-0.0009664811568192218
4.0193398	-0.0009656017841335944
4.0208403	-0.000964736080453454
4.0223408	-0.0009638831345117505
4.0238413	-0.0009630429463084923
4.0253418	-0.0009622159714771919
4.0268423	-0.000961400843117303
4.0283428	-0.0009605984724958677
4.0298433	-0.0009598084039793567
4.0313438	-0.0009590301819342574
4.0328443	-0.0009582638063605696
4.0343448	-0.0009575097328918061
4.0358453	-0.000956766594627429
4.0373458	-0.0009560353028344634
4.0388463	-0.0009553149462458759
4.0403468	-0.0009546059804951874
4.0418473	-0.0009539084055823979
4.0433478	-0.0009532213102404738
4.0448483	-0.0009525451501029278
4.0463488	-0.0009518799251697598
4.0478493	-0.0009512251798074571
4.0493498	-0.0009505804583825073
4.0508503	-0.0009499466721619355
4.0523508	-0.0009493229098787165
4.0538513	-0.0009487091715328419
4.0553518	-0.0009481054571243201
4.0568523	-0.0009475117666531512
4.0583528	-0.0009469276444858057
4.0598533	-0.000946353546255813
4.0613538	-0.0009457890163296603
4.0628543	-0.0009452335990738186
4.0643548	-0.0009446877501218088
4.0658553	-0.0009441510138401181
4.0673558	-0.0009436233902287467
4.0688563	-0.0009431053349212069
4.0703568	-0.0009425959366504656
4.0718573	-0.0009420956510500433
4.0733578	-0.0009416035668529067
4.0748583	-0.0009411210509596019
4.0763588	-0.000940646736469591
4.0778593	-0.0009401810790163702
4.0793598	-0.0009397240785999557
4.0808603	-0.0009392757352203479
4.0823608	-0.0009388355932440174
4.0838613	-0.0009384041083044934
4.0853618	-0.000937980824768255
4.0868623	-0.0009375661982688149
4.0883628	-0.0009371602288061814
4.0898633	-0.0009367624607468252
4.0913638	-0.0009363733497242755
4.0928643	-0.000935992895738524
4.0943648	-0.0009356206431560665
4.0958653	-0.0009352579588774324
4.0973658	-0.000934903931635605
4.0988663	-0.0009345585614305841
4.1003668	-0.0009342232151628994
4.1018673	-0.0009338969815655421
4.1033678	-0.0009335803162720166
4.1048683	-0.0009332732192823231
4.1063688	-0.0009329766018634949
4.1078693	-0.0009326900083820111
4.1093698	-0.0009324138944713929
4.1108703	-0.0009321478044981273
4.1123708	-0.0009318926497292481
4.1138713	-0.0009316475188977052
4.1153718	-0.0009314124120035232
4.1168723	-0.0009311877846801983
4.1183728	-0.0009309722700271926
4.1198733	-0.0009307658680445061
4.1213738	-0.0009305676674651053
4.1228743	-0.0009303772126554691
4.1243748	-0.0009301940479820932
4.1258753	-0.0009300163509109106
4.1273758	-0.0009298441214419127
4.1288763	-0.0009296759926745536
4.1303768	-0.0009295115089753287
4.1318773	-0.000929350214710709
4.1333778	-0.0009291902873466436
4.1348783	-0.0009290321825166373
4.1363788	-0.0009288754445871771
4.1378793	-0.0009287196179247506
4.1393798	-0.0009285642468958366
4.1408803	-0.0009284097871339645
4.1423808	-0.0009282557830055968
4.1438813	-0.0009281026901442709
4.1453818	-0.0009279505085499703
4.1468823	-0.0009277992382227034
4.1483828	-0.0009276493347959825
4.1498833	-0.0009275003426362954
4.1513838	-0.000927353173010667
4.1528843	-0.0009272078259191058
4.1543848	-0.0009270643013616118
4.1558853	-0.0009269225993381766
4.1573858	-0.0009267831754823212
4.1588863	-0.0009266464854275583
4.1603868	-0.0009265120735403752
4.1618873	-0.0009263803954542928
4.1633878	-0.0009262514511693028
4.1648883	-0.0009261252406854053
4.1663888	-0.0009260017640026084
4.1678893	-0.0009258814767544168
4.1693898	-0.0009257639233073258
4.1708903	-0.0009256495592948399
4.1723908	-0.0009255379290834547
4.1738913	-0.0009254294883066829
4.1753918	-0.0009253242369645162
4.1768923	-0.0009252217194234419
4.1783928	-0.000925122391316981
4.1798933	-0.0009250262526451335
4.1813938	-0.0009249328477743867
4.1828943	-0.000924842176704724
4.1843948	-0.0009247546950696831
4.1858953	-0.0009246704028692471
4.1873958	-0.0009245883888363911
4.1888963	-0.0009245095642381483
4.1903968	-0.000924433473440998
4.1918973	-0.0009243601164449402
4.1933978	-0.0009242894932499831
4.1948983	-0.0009242211482225974
4.1963988	-0.0009241559926298335
4.1978993	-0.000924093115204641
4.1993998	-0.0009240325159470285
4.2009003	-0.0009239746504905165
4.2024008	-0.000923919518835097
4.2039013	-0.0009238662097137447
4.2054018	-0.0009238156343934766
4.2069023	-0.0009237673372407964
4.2084028	-0.0009237208626221835
4.2099033	-0.0009236771218046547
4.2114038	-0.0009236352035211931
4.2129043	-0.0009235955634053196
4.2144048	-0.0009235577458234966
4.2159053	-0.0009235222064092617
4.2174058	-0.0009234880338955731
4.2189063	-0.0009234561395494642
4.2204068	-0.0009234260677374142
4.2219073	-0.0009233973628259104
4.2234078	-0.0009233704804484821
4.2249083	-0.0009233454206051044
4.2264088	-0.0009233212720287684
4.2279093	-0.0009232989459864831
4.2294098	-0.0009232779868447605
4.2309103	-0.000923258394603576
4.2324108	-0.0009232392579959124
4.2339113	-0.0009232219439223075
4.2354118	-0.0009232050854822153
4.2369123	-0.000923189138309165
4.2384128	-0.0009231736467696274
4.2399133	-0.0009231581552300815
4.2414138	-0.0009231435749575774
4.2429143	-0.000923129450318586
4.2444148	-0.0009231144144125611
4.2459153	-0.000923099834140057
4.2474158	-0.000923084342600511
4.2489163	-0.0009230683954274607
4.2504168	-0.0009230515369873686
4.2519173	-0.0009230333116467384
4.2534178	-0.0009230137194055539
4.2549183	-0.0009229923046303104
4.2564188	-0.0009229690673209998
4.2579193	-0.0009229435518441094
4.2594198	-0.0009229157581996476
4.2609203	-0.0009228856863875975
4.2624208	-0.0009228524251409341
4.2639213	-0.0009228168857266993
4.2654218	-0.000922778156877851
4.2669223	-0.0009227371498614229
4.2684228	-0.0009226929534103815
4.2699233	-0.0009226469344252812
4.2714238	-0.0009225981816390885
4.2729243	-0.0009225476063188204
4.2744248	-0.0009224961197315269
4.2759253	-0.0009224432662436871
4.2774258	-0.0009223899571223349
4.2789263	-0.0009223371036344952
4.2804268	-0.0009222847057801681
4.2819273	-0.0009222336748263873
4.2834278	-0.0009221840107731611
4.2849283	-0.0009221370805210272
4.2864288	-0.0009220924284364732
4.2879293	-0.0009220505101530115
4.2894298	-0.0009220122369376841
4.2909303	-0.000921977153156962
4.2924308	-0.0009219457144443657
4.2939313	-0.0009219183764334082
4.2954318	-0.0009218942278570722
4.2969323	-0.000921874179982375
4.2984328	-0.0009218577771758037
4.2999333	-0.0009218450194373585
4.3014338	-0.0009218354511335268
4.3029343	-0.0009218295278978209
4.3044348	-0.0009218263384632076
4.3059353	-0.0009218263384632076
4.3074358	-0.0009218286166307874
4.3089363	-0.0009218336285994596
4.3104368	-0.0009218409187357116
4.3119373	-0.0009218504870395435
4.3134378	-0.0009218614222439298
4.3149383	-0.0009218746356158877
4.3164388	-0.0009218896715219127
4.3179393	-0.0009219056186949712
4.3194398	-0.0009219238440356013
4.3209403	-0.000921942980643265
4.3224408	-0.0009219634841514832
4.3239413	-0.0009219853545602475
4.3254418	-0.0009220081362360372
4.3269423	-0.0009220322848123814
4.3284428	-0.0009220573446557509
4.3299433	-0.0009220837713996749
4.3314438	-0.0009221111094106241
4.3329443	-0.000922139358688607
4.3344448	-0.0009221680636001025
4.3359453	-0.0009221985910456734
4.3374458	-0.0009222295741247487
4.3389463	-0.0009222614684708576
4.3404468	-0.000922294274084
4.3419473	-0.0009223284465976887
4.3434478	-0.0009223630747448983
4.3449483	-0.000922399069792654
4.3464488	-0.0009224355204739225
4.3479493	-0.0009224733380557372
4.3494498	-0.0009225116112710728
4.3509503	-0.0009225512513869464
4.3524508	-0.0009225918027698617
4.3539513	-0.0009226332654198024
4.3554518	-0.000922675639336785
4.3569523	-0.0009227193801543055
4.3584528	-0.0009227640322388595
4.3599533	-0.0009228095955904472
4.3614538	-0.0009228560702090685
4.3629543	-0.0009229039117282276
4.3644548	-0.0009229531201479413
4.3659553	-0.0009230032398346885
4.3674558	-0.0009230542707884693
4.3689563	-0.0009231066686427881
4.3704568	-0.0009231604333976613
4.3719573	-0.0009232155650530807
4.3734578	-0.0009232720636090548
4.3749583	-0.0009233299290655666
4.3764588	-0.0009233896170561457
4.3779593	-0.0009234502163137584
4.3794598	-0.0009235130937389425
4.3809603	-0.0009235773380646813
4.3824608	-0.0009236434049244787
4.3839613	-0.0009237108386848308
4.3854618	-0.0009237805506127543
4.3869623	-0.000923852085074745
4.3884628	-0.0009239258977043155
4.3899633	-0.0009240010772344404
4.3914638	-0.0009240789905656496
4.3929643	-0.000924158726430926
4.3944648	-0.0009242407404637821
4.3959653	-0.0009243254882977306
4.3974658	-0.0009244129699327799
4.3989663	-0.0009245027297354089
4.4004668	-0.0009245947677056095
4.4019673	-0.0009246904507439444
4.4034678	-0.0009247888675833717
4.4049683	-0.0009248904738574124
4.4064688	-0.0009249948139325455
4.4079693	-0.0009251032547093174
4.4094698	-0.0009252144292871898
4.4109703	-0.0009253292489331884
4.4124708	-0.0009254477136473129
4.4139713	-0.00092556891216253
4.4154718	-0.0009256933001123687
4.4169723	-0.0009258208774968041
4.4184728	-0.0009259511886823486
4.4199733	-0.0009260837780354646
4.4214738	-0.0009262186455561603
4.4229743	-0.0009263553356109233
4.4244748	-0.0009264929369327115
4.4259753	-0.0009266309938880206
4.4274758	-0.0009267699621103551
4.4289763	-0.0009269080190656642
4.4304768	-0.0009270451647539398
4.4319773	-0.0009271809435416692
4.4334778	-0.0009273148997953314
4.4349783	-0.0009274461222479011
4.4364788	-0.0009275746108993785
4.4379793	-0.0009276999101162424
4.4394798	-0.0009278215642649803
4.4409803	-0.0009279391177120713
4.4424808	-0.0009280525704575236
4.4439813	-0.0009281619225013291
4.4454818	-0.0009282667182099831
4.4469823	-0.0009283669575834692
4.4484828	-0.0009284630962553168
4.4499833	-0.0009285546785920048
4.4514838	-0.0009286412489600205
4.4529843	-0.0009287241742599101
4.4544848	-0.0009288020875911193
4.4559853	-0.0009288763558542107
4.4574858	-0.0009289460677821342
4.4589863	-0.0009290121346419401
4.4604868	-0.000929074100800099
4.4619873	-0.0009291319662566109
4.4634878	-0.0009291870979120303
4.4649883	-0.0009292381288658029
4.4664888	-0.0009292859703849703
4.4679893	-0.0009293306224695244
4.4694898	-0.0009293720851194734
4.4709903	-0.0009294103583348006
4.4724908	-0.0009294458977490438
4.4739913	-0.0009294787033621863
4.4754918	-0.0009295083195407153
4.4769923	-0.0009295356575516646
4.4784928	-0.0009295602617615215
4.4799933	-0.0009295821321702859
4.4814938	-0.0009296021800449831
4.4829943	-0.0009296194941185879
4.4844948	-0.000929634074391092
4.4859953	-0.0009296468321295372
4.4874958	-0.0009296573117004025
4.4889963	-0.0009296655131036881
4.4904968	-0.0009296718919729149
4.4919973	-0.0009296755370410409
4.4934978	-0.0009296778152086207
4.4949983	-0.0009296778152086207
4.4964988	-0.0009296755370410409
4.4979993	-0.0009296718919729149
4.4994998	-0.000929665968737209
4.5010003	-0.0009296582229674362
4.5025008	-0.0009296486546636043
4.5040013	-0.0009296372638257053
4.5055018	-0.0009296245060872601
4.5070023	-0.0009296094701812351
4.5085028	-0.0009295930673746638
4.5100033	-0.0009295748420340338
4.5115038	-0.0009295552497928492
4.5130043	-0.0009295338350176057
4.5145048	-0.0009295110533418078
4.5160053	-0.0009294869047654718
4.5175058	-0.0009294613892885814
4.5190063	-0.0009294340512776322
4.5205068	-0.0009294053463661284
4.5220073	-0.0009293757301875994
4.5235078	-0.0009293447471085158
4.5250083	-0.0009293123971288943
4.5265088	-0.0009292791358822309
4.5280093	-0.0009292449633685422
4.5295098	-0.0009292094239543074
4.5310103	-0.0009291729732730389
4.5325108	-0.0009291356113247369
4.5340113	-0.0009290977937429222
4.5355118	-0.000929058609260553
4.5370123	-0.0009290194247781921
4.5385128	-0.0009289788733952767
4.5400133	-0.0009289383220123696
4.5415138	-0.0009288968593624205
4.5430143	-0.0009288544854454463
4.5445148	-0.000928812111528472
4.5460153	-0.0009287697376114978
4.5475158	-0.00092872645242749
4.5490163	-0.0009286831672434821
4.5505168	-0.0009286394264259616
4.5520173	-0.0009285952299749201
4.5535178	-0.0009285510335238788
4.5550183	-0.0009285068370728373
4.5565188	-0.0009284617293547706
4.5580193	-0.0009284166216366956
4.5595198	-0.0009283715139186289
4.5610203	-0.0009283254949335286
4.5625208	-0.0009282794759484201
4.5640213	-0.0009282325456962862
4.5655218	-0.0009281851598106396
4.5670223	-0.0009281368626579596
4.5685228	-0.0009280881098717586
4.5700233	-0.0009280379901850113
4.5715238	-0.0009279869592312388
4.5730243	-0.0009279350170104327
4.5745248	-0.0009278812522555594
4.5760253	-0.00092782612060014
4.5775258	-0.0009277691664106533
4.5790263	-0.0009277103896871079
4.5805268	-0.0009276497904294952
4.5820273	-0.0009275869130043028
4.5835278	-0.0009275217574115388
4.5850283	-0.0009274538680176741
4.5865288	-0.0009273837004562296
4.5880293	-0.0009273107990936928
4.5895298	-0.0009272351639300551
4.5910303	-0.000927156794965325
4.5925308	-0.0009270752365659899
4.5940313	-0.0009269909443655539
4.5955318	-0.000926903007096992
4.5970323	-0.0009268123360273376
4.5985328	-0.0009267184755230617
4.6000333	-0.0009266218812177014
4.6015338	-0.000926521641844207
4.6030343	-0.0009264186686696284
4.6045348	-0.000926312506060428
4.6060353	-0.0009262031540166227
4.6075358	-0.0009260910681717166
4.6090363	-0.000925976248525718
4.6105368	-0.0009258582394451061
4.6120373	-0.0009257379521969227
4.6135378	-0.0009256144755141176
4.6150383	-0.0009254891762972536
4.6165388	-0.0009253606876457847
4.6180393	-0.0009252299208267275
4.6195398	-0.0009250973314736115
4.6210403	-0.0009249620083194031
4.6225408	-0.0009248248626311275
4.6240413	-0.0009246854387752722
4.6255418	-0.0009245441923853496
4.6270423	-0.0009244011234613682
4.6285428	-0.0009242562320033197
4.6300433	-0.0009241099736447332
4.6315438	-0.0009239618927520713
4.6330443	-0.0009238119893253506
4.6345448	-0.0009236607189980835
4.6360453	-0.0009235080817702703
4.6375458	-0.0009233540776419108
4.6390463	-0.0009231987066129969
4.6405468	-0.0009230424243170577
4.6420473	-0.0009228843194870513
4.6435478	-0.0009227257590235239
4.6450483	-0.000922565376025946
4.6465488	-0.0009224040817613263
4.6480493	-0.000922241876229673
4.6495498	-0.0009220787594309943
4.6510504	-0.0009219142757317695
4.6525509	-0.0009217484251319902
4.6540514	-0.0009215816632651855
4.6555519	-0.0009214139901313473
4.6570524	-0.0009212449500969628
4.6585529	-0.0009210749987955448
4.6600534	-0.0009209041362270932
4.6615539	-0.0009207314511245827
4.6630544	-0.0009205578547550304
4.6645549	-0.0009203833471184611
4.6660554	-0.0009202070169478163
4.6675559	-0.0009200297755101463
4.6690564	-0.0009198507115384091
4.6705569	-0.0009196707362996383
4.6720574	-0.0009194889385268087
4.6735579	-0.0009193057738534328
4.6750584	-0.0009191212422795106
4.6765589	-0.0009189348881715215
4.6780594	-0.000918746711529465
4.6795599	-0.0009185567123533498
4.6810604	-0.0009183653462766883
4.6825609	-0.0009181717020324388
4.6840614	-0.0009179762352541387
4.6855619	-0.000917778945941763
4.6870624	-0.0009175798340953286
4.6885629	-0.0009173784440813144
4.6900634	-0.0009171752315332413
4.6915639	-0.0009169701964511011
4.6930644	-0.0009167633388349019
4.6945649	-0.0009165542030511147
4.6960654	-0.0009163432447332686
4.6975659	-0.0009161300082478428
4.6990664	-0.0009159154048618707
4.7005669	-0.0009156980676748061
4.7020674	-0.0009154793635871871
4.7035679	-0.0009152583813319883
4.7050684	-0.000915035120909218
4.7065689	-0.0009148100379523804
4.7080694	-0.0009145831324614758
4.7095699	-0.0009143539488029996
4.7110704	-0.0009141229426104481
4.7125709	-0.000913889658250325
4.7140714	-0.000913654551356143
4.7155719	-0.0009134176219278939
4.7170724	-0.0009131784143320567
4.7185729	-0.0009129373842021688
4.7200734	-0.000912694075904693
4.7215739	-0.0009124489450731582
4.7230744	-0.0009122019917075564
4.7245749	-0.0009119532158078956
4.7260754	-0.0009117021617406551
4.7275759	-0.0009114497407728601
4.7290764	-0.0009111950416374935
4.7305769	-0.0009109385199680597
4.7320774	-0.0009106806313980798
4.7335779	-0.0009104209202940327
4.7350784	-0.0009101593866559268
4.7365789	-0.000909896030483762
4.7380794	-0.0009096313074110426
4.7395799	-0.0009093647618042561
4.7410804	-0.0009090973049304444
4.7425809	-0.0009088280255225655
4.7440814	-0.0009085573792141404
4.7455819	-0.000908285366005169
4.7470824	-0.0009080119858956514
4.7485829	-0.0009077376945191003
4.7500834	-0.0009074624918755155
4.7515839	-0.0009071859223313846
4.7530844	-0.0009069079858867074
4.7545849	-0.0009066295938085094
4.7560854	-0.0009063502904632859
4.7575859	-0.0009060700758510289
4.7590864	-0.0009057884943382258
4.7605869	-0.0009055060015583807
4.7620874	-0.0009052225975115187
4.7635879	-0.0009049382821976148
4.7650884	-0.0009046525999831646
4.7665889	-0.0009043660065016891
4.7680894	-0.0009040785017531719
4.7695899	-0.0009037896301041167
4.7710904	-0.0009034998471880278
4.7725909	-0.0009032086973713846
4.7740914	-0.000902916636287716
4.7755919	-0.0009026232083035012
4.7770924	-0.0009023288690522444
4.7785929	-0.0009020331629004499
4.7800934	-0.000901736089848109
4.7815939	-0.0009014381055287263
4.7830944	-0.0009011387543088057
4.7845949	-0.0009008384918218515
4.7860954	-0.0009005364068008302
4.7875959	-0.0009002334105127752
4.7890964	-0.0008999290473241824
4.7905969	-0.000899623317235035
4.7920974	-0.0008993157646118204
4.7935979	-0.0008990073007215806
4.7950984	-0.0008986974699307945
4.7965989	-0.0008983858166059414
4.7980994	-0.0008980732520140546
4.7995999	-0.000897758864888109
4.8011004	-0.0008974431108616089
4.8026009	-0.0008971259899345708
4.8041014	-0.0008968070464734573
4.8056019	-0.0008964867361118058
4.8071024	-0.0008961655144831208
4.8086029	-0.0008958415590533433
4.8101034	-0.0008955166923565241
4.8116039	-0.0008951900031256542
4.8131044	-0.0008948614913607088
4.8146049	-0.0008945311570617046
4.8161054	-0.0008941990002286415
4.8176059	-0.000893865476495024
4.8191064	-0.0008935301302273475
4.8206069	-0.0008931929614256122
4.8221074	-0.0008928539700898014
4.8236079	-0.0008925131562199318
4.8251084	-0.0008921705198160034
4.8266089	-0.0008918256052444951
4.8281094	-0.0008914793237724323
4.8296099	-0.0008911312197663106
4.8311104	-0.0008907808375926092
4.8326109	-0.0008904290885183616
4.8341114	-0.0008900755169100467
4.8356119	-0.0008897205784011857
4.8371124	-0.0008893633617247531
4.8386129	-0.000889004778147766
4.8401134	-0.0008886448276702328
4.8416139	-0.0008882830546586323
4.8431144	-0.000887919459112973
4.8446149	-0.0008875544966667593
4.8461154	-0.0008871881673200076
4.8476159	-0.0008868204710727013
4.8491164	-0.0008864509522913279
4.8506169	-0.0008860800666094166
4.8521174	-0.0008857078140269508
4.8536179	-0.0008853337389104261
4.8551184	-0.0008849587525268678
4.8566189	-0.0008845819436092507
4.8581194	-0.0008842042234245916
4.8596199	-0.0008838246807058738
4.8611204	-0.0008834442267201307
4.8626209	-0.000883062405833833
4.8641214	-0.000882679218046989
4.8656219	-0.000882294663359599
4.8671224	-0.0008819087417716627
4.8686229	-0.0008815214532831719
4.8701234	-0.0008811327978941347
4.8716239	-0.0008807432312380724
4.8731244	-0.0008803518420479429
4.8746249	-0.0008799595415907799
4.8761254	-0.0008795658742330706
4.8776259	-0.000879170839974815
4.8791264	-0.0008787744388160133
4.8806269	-0.0008783766707566653
4.8821274	-0.0008779779914302756
4.8836279	-0.0008775774895698351
4.8851284	-0.0008771756208088402
4.8866289	-0.0008767728407808118
4.8881294	-0.0008763682382187245
4.8896299	-0.0008759622687560826
4.8911304	-0.0008755549323929028
4.8926309	-0.0008751462291291685
4.8941314	-0.000874736158964888
4.8956319	-0.0008743242662665486
4.8971324	-0.0008739110066676547
4.8986329	-0.0008734963801682146
4.9001334	-0.0008730799311347157
4.9016339	-0.0008726621152006622
4.9031344	-0.0008722429323660625
4.9046349	-0.0008718214713638913
4.9061354	-0.0008713986434611655
4.9076359	-0.0008709744486578937
4.9091364	-0.0008705484313205629
4.9106369	-0.0008701205914491566
4.9121374	-0.0008696913846772124
4.9136379	-0.0008692598997376885
4.9151384	-0.0008688270478976182
4.9166389	-0.000868392373523481
4.9181394	-0.0008679563322487974
4.9196399	-0.000867518012806534
4.9211404	-0.0008670778708302035
4.9226409	-0.0008666363619533267
4.9241414	-0.0008661930305423911
4.9256419	-0.0008657478765973884
4.9271424	-0.0008653004444848059
4.9286429	-0.0008648516454716771
4.9301434	-0.0008644010239244894
4.9316439	-0.0008639490354767473
4.9331444	-0.0008634947688614336
4.9346449	-0.0008630386797120446
4.9361454	-0.0008625812236621175
4.9376459	-0.0008621214894446108
4.9391464	-0.0008616603883265494
4.9406469	-0.0008611974646744292
4.9421474	-0.0008607327184882501
4.9436479	-0.0008602666054015166
4.9451484	-0.0008597982141472033
4.9466489	-0.0008593284559923437
4.9481494	-0.0008588568753034252
4.9496499	-0.0008583839277139523
4.9511504	-0.0008579087019569079
4.9526509	-0.0008574325649328298
4.9541514	-0.0008569541497411636
4.9556519	-0.0008564743676489596
4.9571524	-0.0008559927630226884
4.9586529	-0.000855509791495871
4.9601534	-0.0008550249974349864
4.9616539	-0.0008545388364735556
4.9631544	-0.000854050852978066
4.9646549	-0.0008535615025820218
4.9661554	-0.0008530703296519188
4.9676559	-0.0008525777898212695
4.9691564	-0.0008520838830900657
4.9706569	-0.0008515881538248031
4.9721574	-0.0008510910576589942
4.9736579	-0.0008505921389591183
4.9751584	-0.0008500918533587043
4.9766589	-0.0008495897452242149
4.9781594	-0.0008490862701891876
4.9796599	-0.0008485814282536058
4.9811604	-0.0008480747637839567
4.9826609	-0.000847566276780249
4.9841614	-0.0008470564228759949
4.9856619	-0.000846544746437682
4.9871624	-0.000846031247465302
4.9886629	-0.0008455163815923673
4.9901634	-0.0008449996931853739
4.9916639	-0.0008444816378778342
4.9931644	-0.0008439613044027148
4.9946649	-0.000843439604027049
4.9961654	-0.0008429160811173163
4.9976659	-0.0008423907356735245
4.9991664	-0.0008418635676956657
5.0006669	-0.0008413350328172606
5.0021674	-0.0008408042197712757
5.0036679	-0.000840271584191232
5.0051684	-0.0008397375817106338
5.0066689	-0.0008392013010624557
5.0081694	-0.0008386631978802188
5.0096699	-0.0008381232721639231
5.0111704	-0.0008375810682800392
5.0126709	-0.0008370374974956092
5.0141714	-0.0008364916485435993
5.0156719	-0.0008359439770575306
5.0171724	-0.000835394027403882
5.0186729	-0.000834842710849679
5.0201734	-0.0008342886604943836
5.0216739	-0.0008337332432385501
5.0231744	-0.0008331750921816076
5.0246749	-0.0008326155742241273
5.0261754	-0.0008320533224655463
5.0276759	-0.0008314897038064189
5.0291764	-0.0008309233513461991
5.0306769	-0.0008303551763519123
5.0321774	-0.0008297851788235665
5.0336779	-0.00082921244749412
5.0351784	-0.0008286378936306146
5.0366789	-0.0008280615172330421
5.0381794	-0.0008274824070343772
5.0396799	-0.0008269014743016451
5.0411804	-0.0008263182634013331
5.0426809	-0.0008257332299669624
5.0441814	-0.0008251454627314909
5.0456819	-0.0008245563285954815
5.0471824	-0.0008239644606583713
5.0486829	-0.0008233712258207067
5.0501834	-0.0008227757128154705
5.0516839	-0.0008221779216426544
5.0531844	-0.0008215787635692923
5.0546849	-0.000820977782961863
5.0561854	-0.0008203745241868538
5.0576859	-0.0008197698985112985
5.0591864	-0.0008191634503016842
5.0606869	-0.0008185551795580029
5.0621874	-0.0008179455419137753
5.0636879	-0.0008173340817354805
5.0651884	-0.0008167212546566395
5.0666889	-0.0008161070606772523
5.0681894	-0.000815491499797319
5.0696899	-0.000814874572016831
5.0711904	-0.0008142562773357969
5.0726909	-0.0008136370713877375
5.0741914	-0.0008130164985391318
5.0756919	-0.0008123945587899717
5.0771924	-0.0008117717077737779
5.0786929	-0.0008111484011240715
5.0801934	-0.000810523727573819
5.0816939	-0.0008098985983900537
5.0831944	-0.000809272102305734
5.0846949	-0.0008086456062214224
5.0861954	-0.0008080181988700691
5.0876959	-0.0008073903358852115
5.0891964	-0.0008067620172668246
5.0906969	-0.0008061332430149333
5.0921974	-0.0008055040131295211
5.0936979	-0.0008048747832441089
5.0951984	-0.000804245097725184
5.0966989	-0.0008036154122062509
5.0981994	-0.0008029857266873262
5.0996999	-0.0008023555855348804
5.1012004	-0.0008017259000159555
5.1027009	-0.0008010966701305433
5.1042014	-0.0008004669846116185
5.1057019	-0.0007998377547262063
5.1072024	-0.0007992089804743068
5.1087029	-0.0007985806618559282
5.1102034	-0.0007979527988710622
5.1117039	-0.0007973249358862044
5.1132044	-0.0007966979841683721
5.1147049	-0.0007960714880840523
5.1162054	-0.0007954459032667662
5.1177059	-0.00079482031844948
5.1192064	-0.0007941956448992274
5.1207069	-0.0007935718826160084
5.1222074	-0.000792948575966302
5.1237079	-0.0007923257249501165
5.1252084	-0.0007917037852009564
5.1267089	-0.0007910827567188298
5.1282094	-0.0007904621838702242
5.1297099	-0.0007898420666551228
5.1312104	-0.000789223316340576
5.1327109	-0.0007886045660260293
5.1342114	-0.0007879867269785161
5.1357119	-0.0007873697991980364
5.1372124	-0.0007867537826845821
5.1387129	-0.0007861382218046487
5.1402134	-0.0007855231165582279
5.1417139	-0.0007849089225788408
5.1432144	-0.0007842956398664871
5.1447149	-0.0007836828127876462
5.1462154	-0.0007830708969758305
5.1477159	-0.000782459436797544
5.1492164	-0.0007818484322527619
5.1507169	-0.0007812383389750216
5.1522174	-0.0007806291569643067
5.1537179	-0.0007800204305871044
5.1552184	-0.0007794121598434231
5.1567189	-0.0007788048003667753
5.1582194	-0.00077819789652364
5.1597199	-0.0007775914483140259
5.1612204	-0.0007769854557379243
5.1627209	-0.000776380374428848
5.1642214	-0.0007757757487532926
5.1657219	-0.0007751715787112582
5.1672224	-0.0007745678643027364
5.1687229	-0.0007739650611612399
5.1702234	-0.0007733622580197517
5.1717239	-0.0007727603661452888
5.1732244	-0.0007721584742708342
5.1747249	-0.0007715570380298839
5.1762254	-0.0007709565130559755
5.1777259	-0.000770355988082067
5.1792264	-0.0007697559187416713
5.1807269	-0.0007691563050347881
5.1822274	-0.0007685566913279051
5.1837279	-0.0007679579888880555
5.1852284	-0.000767359286448206
5.1867289	-0.0007667610396418774
5.1882294	-0.0007661627928355404
5.1897299	-0.0007655650016627245
5.1912304	-0.0007649676661234294
5.1927309	-0.0007643707862176387
5.1942314	-0.0007637739063118563
5.1957319	-0.0007631774820395866
5.1972324	-0.0007625815134008378
5.1987329	-0.0007619855447620807
5.2002334	-0.0007613904873903572
5.2017339	-0.000760794974385121
5.2032344	-0.0007602003726469184
5.2047349	-0.0007596057709087074
5.2062354	-0.0007590116248040175
5.2077359	-0.0007584174786993275
5.2092364	-0.0007578242438616712
5.2107369	-0.0007572305533904939
5.2122374	-0.0007566377741863585
5.2137379	-0.0007560449949822147
5.2152384	-0.0007554526714115837
5.2167389	-0.0007548608034744735
5.2182394	-0.0007542689355373633
5.2197399	-0.0007536779788672867
5.2212404	-0.0007530865665636892
5.2227409	-0.0007524960655271252
5.2242414	-0.0007519055644905696
5.2257419	-0.0007513155190875183
5.2272424	-0.000750725929317988
5.2287429	-0.0007501367951819703
5.2302434	-0.0007495481166794734
5.2317439	-0.0007489594381769767
5.2332444	-0.0007483712153079925
5.2347449	-0.0007477834480725211
5.2362454	-0.0007471956808370578
5.2377459	-0.0007466088248686199
5.2392464	-0.000746021968900182
5.2407469	-0.0007454360241987777
5.2422474	-0.0007448500794973733
5.2437479	-0.0007442645904294816
5.2452484	-0.0007436795569951109
5.2467489	-0.0007430949791942527
5.2482494	-0.0007425104013933946
5.2497499	-0.0007419267348595701
5.2512504	-0.0007413435239592665
5.2527509	-0.0007407603130589545
5.2542514	-0.0007401780134256762
5.2557519	-0.0007395957137923979
5.2572524	-0.0007390143254261531
5.2587529	-0.0007384329370599084
5.2602534	-0.0007378524599606972
5.2617539	-0.0007372719828614777
5.2632544	-0.0007366919613957792
5.2647549	-0.0007361123955636017
5.2662554	-0.0007355337409984494
5.2677559	-0.000734955086433297
5.2692564	-0.000734376431868153
5.2707569	-0.0007337986885700342
5.2722574	-0.0007332214009054282
5.2737579	-0.0007326441132408221
5.2752584	-0.0007320672812097369
5.2767589	-0.0007314909048121644
5.2782594	-0.0007309149840481128
5.2797599	-0.0007303390632840529
5.2812604	-0.000729764053787035
5.2827609	-0.0007291890442900086
5.2842614	-0.0007286140347929823
5.2857619	-0.000728039480929477
5.2872624	-0.0007274653826994842
5.2887629	-0.0007268912844694916
5.2902634	-0.0007263176418730198
5.2917639	-0.0007257444549100606
5.2932644	-0.0007251708123135806
5.2947649	-0.0007245980809841424
5.2962654	-0.0007240248940211749
5.2977659	-0.0007234521626917367
5.2992664	-0.0007228794313622902
5.3007669	-0.0007223067000328437
5.3022674	-0.0007217339687034055
5.3037679	-0.0007211616930074717
5.3052684	-0.0007205889616780335
5.3067689	-0.000720016230348587
5.3082694	-0.0007194439546526531
5.3097699	-0.0007188712233232149
5.3112704	-0.0007182980363602558
5.3127709	-0.0007177253050308093
5.3142714	-0.0007171516624343293
5.3157719	-0.00071657847547137
5.3172724	-0.0007160043772413774
5.3187729	-0.0007154307346449055
5.3202734	-0.0007148561807814002
5.3217739	-0.0007142811712843739
5.3232744	-0.0007137061617873477
5.3247749	-0.0007131306966568087
5.3262754	-0.0007125543202592361
5.3277759	-0.0007119779438616719
5.3292764	-0.0007114006561970658
5.3307769	-0.0007108233685324597
5.3322774	-0.0007102451696008284
5.3337779	-0.000709666970669197
5.3352784	-0.0007090878604705238
5.3367789	-0.0007085082946383462
5.3382794	-0.0007079282731726476
5.3397799	-0.0007073473404399155
5.3412804	-0.0007067664077071917
5.3427809	-0.000706184563707426
5.3442814	-0.0007056018084406351
5.3457819	-0.0007050190531738358
5.3472824	-0.0007044353866400112
5.3487829	-0.000703851264472674
5.3502834	-0.0007032666866718159
5.3517839	-0.0007026811976039325
5.3532844	-0.0007020952529025281
5.3547849	-0.0007015088525676029
5.3562854	-0.000700921996599165
5.3577859	-0.0007003342293637018
5.3592864	-0.0006997460064947176
5.3607869	-0.0006991573279922209
5.3622874	-0.0006985681938562031
5.3637879	-0.0006979781484531518
5.3652884	-0.0006973881030501089
5.3667889	-0.0006967971463800323
5.3682894	-0.0006962061897099474
5.3697899	-0.0006956143217728372
5.3712904	-0.000695022453835727
5.3727909	-0.0006944296746315833
5.3742914	-0.0006938368954274479
5.3757919	-0.0006932436605897832
5.3772924	-0.0006926499701186142
5.3787929	-0.0006920562796474369
5.3802934	-0.000691462133542747
5.3817939	-0.000690867987438057
5.3832944	-0.0006902733856998544
5.3847949	-0.0006896783283281308
5.3862954	-0.0006890837265899283
5.3877959	-0.0006884886692182047
5.3892964	-0.0006878931562129685
5.3907969	-0.000687298098841245
5.3922974	-0.0006867025858360089
5.3937979	-0.0006861075284642854
5.3952984	-0.0006855120154590492
5.3967989	-0.0006849169580873257
5.3982994	-0.0006843214450820895
5.3997999	-0.0006837263877103659
5.4013004	-0.0006831313303386424
5.4028009	-0.0006825362729669271
5.4043014	-0.0006819412155952036
5.4058019	-0.0006813461582234801
5.4073024	-0.0006807515564852775
5.4088029	-0.0006801569547470666
5.4103034	-0.000679562353008864
5.4118039	-0.0006789682069041741
5.4133044	-0.0006783740607994841
5.4148049	-0.0006777799146947942
5.4163054	-0.0006771862242236169
5.4178059	-0.0006765929893859605
5.4193064	-0.0006759997545483041
5.4208069	-0.0006754065197106477
5.4223074	-0.0006748141961400166
5.4238079	-0.0006742214169358729
5.4253084	-0.0006736290933652501
5.4268089	-0.0006730372254281399
5.4283094	-0.0006724458131245424
5.4298099	-0.000671854400820945
5.4313104	-0.0006712634441508683
5.4328109	-0.0006706724874807917
5.4343114	-0.0006700819864442278
5.4358119	-0.0006694919410411848
5.4373124	-0.0006689018956381335
5.4388129	-0.0006683123058686031
5.4403134	-0.0006677227160990728
5.4418139	-0.0006671335819630551
5.4433144	-0.0006665449034605582
5.4448149	-0.0006659562249580533
5.4463154	-0.0006653680020890773
5.4478159	-0.0006647797792200932
5.4493164	-0.0006641920119846217
5.4508169	-0.0006636047003826712
5.4523174	-0.0006630173887807206
5.4538179	-0.0006624300771787701
5.4553184	-0.0006618432212103321
5.4568189	-0.0006612568208754069
5.4583194	-0.0006606704205404898
5.4598199	-0.0006600840202055729
5.4613204	-0.0006594976198706476
5.4628209	-0.0006589116751692432
5.4643214	-0.0006583261861013598
5.4658219	-0.0006577402413999554
5.4673224	-0.0006571547523320638
5.4688229	-0.000656569718897693
5.4703234	-0.0006559842298298013
5.4718239	-0.0006553991963954306
5.4733244	-0.0006548141629610598
5.4748249	-0.0006542291295266891
5.4763254	-0.0006536445517258309
5.4778259	-0.0006530599739249728
5.4793264	-0.0006524758517576273
5.4808269	-0.0006518917295902901
5.4823274	-0.0006513076074229529
5.4838279	-0.0006507234852556075
5.4853284	-0.0006501402743552955
5.4868289	-0.000649556607821471
5.4883294	-0.0006489733969211673
5.4898299	-0.0006483906416543681
5.4913304	-0.0006478078863875772
5.4928309	-0.0006472251311207862
5.4943314	-0.0006466428314875079
5.4958319	-0.0006460609874877505
5.4973324	-0.0006454795991214974
5.4988329	-0.0006448982107552526
5.5003334	-0.0006443177336560415
5.5018339	-0.0006437372565568303
5.5033344	-0.0006431572350911318
5.5048349	-0.0006425776692589459
5.5063354	-0.000641998559060281
5.5078359	-0.0006414203601286495
5.5093364	-0.0006408426168305309
5.5108369	-0.0006402653291659248
5.5123374	-0.0006396889527683522
5.5138379	-0.0006391134876378133
5.5153384	-0.0006385393894078206
5.5168389	-0.0006379662024448614
5.5183394	-0.0006380313580376337
5.5198399	-0.000637559777348707
5.5213404	-0.0006370904748273683
5.5228409	-0.0006366225392065759
5.5243414	-0.0006361559704863214
5.5258419	-0.0006356912243001423
5.5273424	-0.0006352278450145012
5.5288429	-0.0006347662882629355
5.5303434	-0.0006343060984119078
5.5318439	-0.0006338477310949472
5.5333444	-0.0006333907306785328
5.5348449	-0.0006329350971626647
5.5363454	-0.0006324812861808637
5.5378459	-0.0006320288420996089
5.5393464	-0.000631578220552413
5.5408469	-0.0006311294215392842
5.5423474	-0.000630681533793189
5.5438479	-0.0006302359242146736
5.5453484	-0.0006297912259031835
5.5468489	-0.0006293488057592814
5.5483494	-0.0006289072968824047
5.5498499	-0.0006284680661731078
5.5513505	-0.0006280297467308445
5.552851	-0.0006275932498226482
5.5543515	-0.0006271585754485108
5.555852	-0.0006267252679749198
5.5573525	-0.0006262937830353958
5.558853	-0.0006258632093628971
5.5603535	-0.0006254349138579865
5.561854	-0.0006250075296201012
5.5633545	-0.0006245819679162831
5.564855	-0.0006241577731130111
5.5663555	-0.0006237349452102854
5.567856	-0.0006233139398416268
5.5693565	-0.0006228943013735145
5.570857	-0.0006224755741724358
5.5723575	-0.0006220586695054158
5.573858	-0.0006216431317389422
5.5753585	-0.0006212285052395103
5.576859	-0.0006208157012741291
5.5783595	-0.0006204038085757897
5.57986	-0.0006199932827779883
5.5813605	-0.0006195841238807413
5.582861	-0.000619175876250528
5.5843615	-0.0006187689955208609
5.585862	-0.000618363026058219
5.5873625	-0.0006179584234961317
5.588863	-0.0006175547322010778
5.5903635	-0.0006171519521730494
5.591864	-0.0006167505390455672
5.5933645	-0.0006163495815516058
5.594865	-0.0006159499909581907
5.5963655	-0.0006155508559982965
5.597866	-0.0006151526323054276
5.5993665	-0.0006147553198795924
5.600867	-0.0006143589187207906
5.6023675	-0.0006139629731955015
5.603868	-0.000613567938937246
5.6053685	-0.0006131733603125032
5.606869	-0.0006127796929547938
5.6083695	-0.0006123860255970846
5.60987	-0.0006119937251399215
5.6113705	-0.0006116018803162793
5.612871	-0.0006112100354926372
5.6143715	-0.0006108191019360204
5.615872	-0.0006104281683794035
5.6173725	-0.0006100381460898285
5.618873	-0.0006096485794337579
5.6203735	-0.0006092590127776956
5.621874	-0.0006088699017551459
5.6233745	-0.0006084812463661088
5.624875	-0.0006080930466105926
5.6263755	-0.0006077053024885892
5.627876	-0.0006073175583665857
5.6293765	-0.0006069298142445822
5.630877	-0.0006065425257560997
5.6323775	-0.0006061556929011299
5.633878	-0.00060576886004616
5.6353785	-0.0006053820271911817
5.636879	-0.0006049956499697328
5.6383795	-0.0006046092727482754
5.63988	-0.0006042228955268182
5.6413805	-0.0006038369739388819
5.642881	-0.0006034510523509456
5.6443815	-0.000603065130763001
5.645882	-0.0006026792091750646
5.6473825	-0.0006022932875871283
5.648883	-0.0006019078216327046
5.6503835	-0.0006015219000447684
5.651884	-0.0006011364340903447
5.6533845	-0.0006007505125024
5.654885	-0.0006003650465479764
5.6563855	-0.0005999795805935527
5.657886	-0.0005995936590056163
5.6593865	-0.0005992081930511926
5.660887	-0.0005988222714632563
5.6623875	-0.0005984368055088326
5.663888	-0.0005980508839208964
5.6653885	-0.0005976654179664727
5.666889	-0.0005972794963785281
5.6683895	-0.0005968935747905917
5.66989	-0.0005965076532026554
5.6713905	-0.0005961217316147108
5.672891	-0.0005957353543932618
5.6743915	-0.0005953494328053172
5.675892	-0.0005949630555838682
5.6773925	-0.0005945766783624109
5.678893	-0.0005941903011409537
5.6803935	-0.0005938034682859838
5.681894	-0.0005934170910645349
5.6833945	-0.0005930302582095566
5.684895	-0.000592642969721074
5.6863955	-0.0005922556812325916
5.687896	-0.0005918683927441008
5.6893965	-0.0005914811042556182
5.690897	-0.0005910933601336147
5.6923975	-0.0005907056160116113
5.693898	-0.0005903178718896077
5.6953985	-0.0005899296721340917
5.696899	-0.0005895414723785672
5.6983995	-0.0005891528169895384
5.6999	-0.0005887641616005014
5.7014005	-0.0005883750505779517
5.702901	-0.000587985939555402
5.7044015	-0.0005875968285328523
5.705902	-0.00058720726187679
5.7074025	-0.0005868176952207193
5.708903	-0.0005864276729311361
5.7104035	-0.0005860376506415611
5.711904	-0.0005856471727184568
5.7134045	-0.0005852566947953609
5.714905	-0.0005848657612387523
5.7164055	-0.0005844748276821355
5.717906	-0.000584083438492006
5.7194065	-0.0005836920493018765
5.720907	-0.0005833006601117471
5.7224075	-0.0005829088152881049
5.723908	-0.0005825165148309418
5.7254085	-0.0005821242143737788
5.726909	-0.000581731458283103
5.7284095	-0.0005813387021924273
5.72991	-0.0005809454904682307
5.7314105	-0.0005805522787440423
5.732911	-0.000580158611386333
5.7344115	-0.0005797649440286237
5.735912	-0.0005793708210374018
5.7374125	-0.0005789762424126589
5.738913	-0.0005785816637879161
5.7404135	-0.0005781866295296606
5.741914	-0.000577791595271405
5.7434145	-0.0005773956497461159
5.744915	-0.0005769997042208269
5.7464155	-0.0005766033030620251
5.747916	-0.0005762069019032234
5.7494165	-0.0005758095894773881
5.750917	-0.0005754122770515528
5.7524175	-0.0005750140533586839
5.753918	-0.0005746153740323024
5.7554185	-0.0005742166947059208
5.756919	-0.0005738171041125057
5.7584195	-0.0005734170578855697
5.75992	-0.000573016556025121
5.7614205	-0.000572615142897647
5.762921	-0.0005722137297701648
5.7644215	-0.0005718114053756573
5.765922	-0.0005714086253476287
5.7674225	-0.000571004934052575
5.768923	-0.0005706007871240003
5.7704235	-0.000570195728928392
5.771924	-0.0005697902150992711
5.7734245	-0.0005693842456366376
5.774925	-0.0005689773649069704
5.7764255	-0.0005685695729102697
5.777926	-0.0005681613252800481
5.7794265	-0.0005677521663828011
5.780927	-0.0005673420962185206
5.7824275	-0.0005669315704207275
5.783928	-0.0005665201333559007
5.7854285	-0.0005661077850240404
5.786929	-0.0005656949810586675
5.7884295	-0.0005652812658262609
5.78993	-0.0005648661836933082
5.7914305	-0.0005644506459268345
5.792931	-0.0005640341968933356
5.7944315	-0.0005636168365927947
5.795932	-0.0005631990206587495
5.7974325	-0.0005627798378241498
5.798933	-0.0005623597437225249
5.8004335	-0.0005619387383538662
5.801934	-0.0005615168217181742
5.8034345	-0.0005610939938154484
5.804935	-0.0005606702546456891
5.8064355	-0.0005602456042089045
5.807936	-0.0005598200425050864
5.8094365	-0.0005593931139007137
5.810937	-0.0005589652740293158
5.8124375	-0.0005585365228908842
5.813938	-0.0005581068604854274
5.8154385	-0.0005576762868129288
5.816939	-0.0005572448018734047
5.8184395	-0.0005568124056668472
5.81994	-0.0005563790981932561
5.8214405	-0.0005559444238191187
5.822941	-0.0005555092938114688
5.8244415	-0.0005550732525367852
5.825942	-0.0005546367556285891
5.8274425	-0.0005541988918198382
5.828943	-0.000553760572377575
5.8304435	-0.000553321341668278
5.831944	-0.0005528811996919558
5.8334445	-0.0005524406020821126
5.834945	-0.0005519990932052359
5.8364455	-0.0005515571286948465
5.837946	-0.0005511142529174236
5.8394465	-0.0005506709215064879
5.840947	-0.0005502266788285105
5.8424475	-0.0005497819805170286
5.843948	-0.000549336826572026
5.8454485	-0.0005488907613599896
5.846949	-0.0005484442405144406
5.8484495	-0.000547997264035379
5.84995	-0.0005475498319227964
5.8514505	-0.0005471019441767013
5.852951	-0.0005466536007970852
5.8544515	-0.0005462048017839564
5.855952	-0.000545755547137315
5.8574525	-0.0005453058368571526
5.858953	-0.0005448556709434777
5.8604535	-0.0005444055050298027
5.861954	-0.0005439544278490941
5.8634545	-0.0005435033506683856
5.864955	-0.000543052273487677
5.8664555	-0.0005426007406734558
5.867956	-0.0005421487522257137
5.8694565	-0.0005416967637779798
5.870957	-0.000541244319696725
5.8724575	-0.0005407914199819493
5.873958	-0.0005403389759006945
5.8754585	-0.0005398860761859271
5.876959	-0.0005394327208376387
5.8784595	-0.000538979821122863
5.87996	-0.0005385264657745746
5.8814605	-0.0005380731104262945
5.882961	-0.0005376192994444853
5.8844615	-0.0005371659440961969
5.885962	-0.0005367121331143959
5.8874625	-0.0005362583221325949
5.888963	-0.0005358045111507939
5.8904635	-0.0005353507001689846
5.891964	-0.0005348968891871836
5.8934645	-0.0005344426225718699
5.894965	-0.000533988355956548
5.8964655	-0.0005335336337077135
5.897966	-0.0005330793670923915
5.8994665	-0.0005326241892100443
5.900967	-0.0005321694669612097
5.9024675	-0.0005317142890788543
5.903968	-0.0005312586555629944
5.9054685	-0.0005308030220471262
5.906969	-0.0005303469328977454
5.9084695	-0.0005298908437483646
5.90997	-0.0005294342989654628
5.9114705	-0.0005289772985490485
5.912971	-0.0005285202981326341
5.9144715	-0.0005280628420827071
5.915972	-0.0005276049303992591
5.9174725	-0.0005271465630822985
5.918973	-0.000526687740131817
5.9204735	-0.0005262289171813438
5.921974	-0.0005257696385973496
5.9234745	-0.0005253094487463218
5.924975	-0.0005248492588952941
5.9264755	-0.000524388157777241
5.927976	-0.000523927056659188
5.9294765	-0.0005234650442740932
5.930977	-0.0005230025762554938
5.9324775	-0.0005225396526033736
5.933978	-0.0005220762733177325
5.9354785	-0.0005216124383985788
5.936979	-0.0005211476922123997
5.9384795	-0.0005206824903926997
5.93998	-0.0005202168329394871
5.9414805	-0.0005197502642192326
5.942981	-0.0005192832398654738
5.9444815	-0.0005188153042446814
5.945982	-0.0005183469129903679
5.9474825	-0.000517878066102542
5.948983	-0.0005174083079476823
5.9504835	-0.0005169376385257892
5.951984	-0.0005164665134703834
5.9534845	-0.0005159944771479441
5.954985	-0.000515521985191992
5.9564855	-0.0005150485819690065
5.957986	-0.0005145742674789955
5.9594865	-0.0005140990417219428
5.960987	-0.0005136233603313774
5.9624875	-0.0005131467676737784
5.963988	-0.0005126692637491541
5.9654885	-0.000512191304191009
5.966989	-0.0005117124333658385
5.9684895	-0.0005112331069071471
5.96999	-0.0005107528691814221
5.9714905	-0.0005102721758221845
5.972991	-0.0005097910268294259
5.9744915	-0.000509308966569642
5.975992	-0.0005088264506763373
5.9774925	-0.0005083434791495198
5.978993	-0.0005078600519891815
5.9804935	-0.0005073761691953305
5.981994	-0.0005068922864014795
5.9834945	-0.0005064074923406032
5.984995	-0.0005059226982797186
5.9864955	-0.0005054369929518087
5.987996	-0.0005049517432574116
5.9894965	-0.0005044655822959807
5.990997	-0.0005039798769680626
5.9924975	-0.0005034937160066317
5.993998	-0.0005030070994116883
5.9954985	-0.0005025204828167449
5.996999	-0.0005020338662218015
5.9984995	-0.0005015472496268497
6.	-0.0005010601773983936