3000
0.	0.05336942445220524
0.0020006669	0.05336942445220524
0.0040013338	0.05336942445220524
0.0060020007	0.05336942445220524
0.0080026676	0.05336942445220524
0.010003334	0.05336942445220524
0.012004001	0.05336942445220524
0.014004668	0.05336942445220524
0.016005335	0.05336942445220524
0.018006002	0.05336942445220524
0.020006669	0.05336942445220524
0.022007336	0.05336942445220524
0.024008003	0.05336942445220524
0.02600867	0.05336942445220524
0.028009336	0.05336942445220524
0.030010003	0.05336942445220524
0.03201067	0.05336942445220524
0.034011337	0.05336942445220524
0.036012004	0.05336942445220524
0.038012671	0.05336942445220524
0.040013338	0.05336942445220524
0.042014005	0.05336942445220524
0.044014672	0.05336942445220524
0.046015338	0.05336942445220524
0.048016005	0.05336942445220524
0.050016672	0.05336942445220524
0.052017339	0.05336942445220524
0.054018006	0.05336942445220524
0.056018673	0.05336942445220524
0.05801934	0.05336942445220524
0.060020007	0.05336942445220524
0.062020674	0.05336942445220524
0.06402134	0.05336942445220524
0.066022007	0.05336942445220524
0.068022674	0.05336942445220524
0.070023341	0.05336942445220524
0.072024008	0.05336942445220524
0.074024675	0.05336942445220524
0.076025342	0.05336942445220524
0.078026009	0.05336942445220524
0.080026676	0.05336942445220524
0.082027342	0.05336942445220524
0.084028009	0.05336942445220524
0.086028676	0.05336942445220524
0.088029343	0.05336942445220524
0.09003001	0.05336942445220524
0.092030677	0.05336942445220524
0.094031344	0.05336942445220524
0.096032011	0.05336942445220524
0.098032678	0.05336942445220524
0.10003334	0.05336942445220524
0.10203401	0.05336942445220524
0.10403468	0.05336942445220524
0.10603535	0.05336942445220524
0.10803601	0.05336942445220524
0.11003668	0.05336942445220524
0.11203735	0.05336942445220524
0.11403801	0.05336942445220524
0.11603868	0.05336942445220524
0.11803935	0.05336942445220524
0.12004001	0.05336942445220524
0.12204068	0.05336942445220524
0.12404135	0.05336942445220524
0.12604201	0.05336942445220524
0.12804268	0.05336942445220524
0.13004335	0.05336942445220524
0.13204401	0.05336942445220524
0.13404468	0.05336942445220524
0.13604535	0.05336942445220524
0.13804602	0.05336942445220524
0.14004668	0.05336942445220524
0.14204735	0.05336942445220524
0.14404802	0.05336942445220524
0.14604868	0.05336942445220524
0.14804935	0.05336942445220524
0.15005002	0.05336942445220524
0.15205068	0.05336942445220524
0.15405135	0.05336942445220524
0.15605202	0.05336942445220524
0.15805268	0.05336942445220524
0.16005335	0.05336942445220524
0.16205402	0.05336942445220524
0.16405468	0.05336942445220524
0.16605535	0.05336942445220524
0.16805602	0.05336942445220524
0.17005669	0.05336942445220524
0.17205735	0.05336942445220524
0.17405802	0.05336942445220524
0.17605869	0.05336942445220524
0.17805935	0.05336942445220524
0.18006002	0.05336942445220524
0.18206069	0.05336942445220524
0.18406135	0.05336942445220524
0.18606202	0.05336942445220524
0.18806269	0.05336942445220524
0.19006335	0.05336942445220524
0.19206402	0.05336942445220524
0.19406469	0.05336942445220524
0.19606536	0.05336942445220524
0.19806602	0.05336942445220524
0.20006669	0.05336942445220524
0.20206736	0.05336942445220524
0.20406802	0.05336942445220524
0.20606869	0.05336942445220524
0.20806936	0.05336942445220524
0.21007002	0.05336942445220524
0.21207069	0.05336942445220524
0.21407136	0.05336942445220524
0.21607202	0.05336942445220524
0.21807269	0.05336942445220524
0.22007336	0.05336942445220524
0.22207402	0.05336942445220524
0.22407469	0.05336942445220524
0.22607536	0.05336942445220524
0.22807603	0.05336942445220524
0.23007669	0.05336942445220524
0.23207736	0.05336942445220524
0.23407803	0.05336942445220524
0.23607869	0.05336942445220524
0.23807936	0.05336942445220524
0.24008003	0.05336942445220524
0.24208069	0.05336942445220524
0.24408136	0.05336942445220524
0.24608203	0.05336942445220524
0.24808269	0.05336942445220524
0.25008336	0.05336942445220524
0.25208403	0.05336942445220524
0.25408469	0.05336942445220524
0.25608536	0.05336942445220524
0.25808603	0.05336942445220524
0.2600867	0.05336942445220524
0.26208736	0.05336942445220524
0.26408803	0.05336942445220524
0.2660887	0.05336942445220524
0.26808936	0.05336942445220524
0.27009003	0.05336942445220524
0.2720907	0.05336942445220524
0.27409136	0.05336942445220524
0.27609203	0.05336942445220524
0.2780927	0.05336942445220524
0.28009336	0.05336942445220524
0.28209403	0.05336942445220524
0.2840947	0.05336942445220524
0.28609537	0.05336942445220524
0.28809603	0.05336942445220524
0.2900967	0.05336942445220524
0.29209737	0.05336942445220524
0.29409803	0.05336942445220524
0.2960987	0.05336942445220524
0.29809937	0.05336942445220524
0.30010003	0.05336942445220524
0.3021007	0.05336942445220524
0.30410137	0.05336942445220524
0.30610203	0.05336942445220524
0.3081027	0.05336942445220524
0.31010337	0.05336942445220524
0.31210403	0.05336942445220524
0.3141047	0.05336942445220524
0.31610537	0.05336942445220524
0.31810604	0.05336942445220524
0.3201067	0.05336942445220524
0.32210737	0.05336942445220524
0.32410804	0.05336942445220524
0.3261087	0.05336942445220524
0.32810937	0.05336942445220524
0.33011004	0.05336942445220524
0.3321107	0.05336942445220524
0.33411137	0.05336942445220524
0.33611204	0.05336942445220524
0.3381127	0.05336942445220524
0.34011337	0.05336942445220524
0.34211404	0.05336942445220524
0.3441147	0.05336942445220524
0.34611537	0.05336942445220524
0.34811604	0.05336942445220524
0.35011671	0.05336942445220524
0.35211737	0.05336942445220524
0.35411804	0.05336942445220524
0.35611871	0.05336942445220524
0.35811937	0.05336942445220524
0.36012004	0.05336942445220524
0.36212071	0.05336942445220524
0.36412137	0.05336942445220524
0.36612204	0.05336942445220524
0.36812271	0.05336942445220524
0.37012337	0.05336942445220524
0.37212404	0.05336942445220524
0.37412471	0.05336942445220524
0.37612538	0.05336942445220524
0.37812604	0.05336942445220524
0.38012671	0.05336942445220524
0.38212738	0.05336942445220524
0.38412804	0.05336942445220524
0.38612871	0.05336942445220524
0.38812938	0.05336942445220524
0.39013004	0.05336942445220524
0.39213071	0.05336942445220524
0.39413138	0.05336942445220524
0.39613204	0.05336942445220524
0.39813271	0.05336942445220524
0.40013338	0.05336942445220524
0.40213404	0.05336942445220524
0.40413471	0.05336942445220524
0.40613538	0.05336942445220524
0.40813605	0.05336942445220524
0.41013671	0.05336942445220524
0.41213738	0.05336942445220524
0.41413805	0.05336942445220524
0.41613871	0.05336942445220524
0.41813938	0.05336942445220524
0.42014005	0.05336942445220524
0.42214071	0.05336942445220524
0.42414138	0.05336942445220524
0.42614205	0.05336942445220524
0.42814271	0.05336942445220524
0.43014338	0.05336942445220524
0.43214405	0.05336942445220524
0.43414471	0.05336942445220524
0.43614538	0.05336942445220524
0.43814605	0.05336942445220524
0.44014672	0.05336942445220524
0.44214738	0.05336942445220524
0.44414805	0.05336942445220524
0.44614872	0.05336942445220524
0.44814938	0.05336942445220524
0.45015005	0.05336942445220524
0.45215072	0.05336942445220524
0.45415138	0.05336942445220524
0.45615205	0.05336942445220524
0.45815272	0.05336942445220524
0.46015338	0.05336942445220524
0.46215405	0.05336942445220524
0.46415472	0.05336942445220524
0.46615539	0.05336942445220524
0.46815605	0.05336942445220524
0.47015672	0.05336942445220524
0.47215739	0.05336942445220524
0.47415805	0.05336942445220524
0.47615872	0.05336942445220524
0.47815939	0.05336942445220524
0.48016005	0.05336942445220524
0.48216072	0.05336942445220524
0.48416139	0.05336942445220524
0.48616205	0.05336942445220524
0.48816272	0.05336942445220524
0.49016339	0.05336942445220524
0.49216405	0.05336942445220524
0.49416472	0.05336942445220524
0.49616539	0.05336942445220524
0.49816606	0.05336942445220524
0.50016672	0.05336942445220524
0.50216739	0.05336942445220524
0.50416806	0.05336942445220524
0.50616872	0.05336942445220524
0.50816939	0.05336942445220524
0.51017006	0.05336942445220524
0.51217072	0.05336942445220524
0.51417139	0.05336942445220524
0.51617206	0.05336942445220524
0.51817272	0.05336942445220524
0.52017339	0.05336942445220524
0.52217406	0.05336942445220524
0.52417472	0.05336942445220524
0.52617539	0.05336942445220524
0.52817606	0.05336942445220524
0.53017673	0.05336942445220524
0.53217739	0.05336942445220524
0.53417806	0.05336942445220524
0.53617873	0.05336942445220524
0.53817939	0.05336942445220524
0.54018006	0.05336942445220524
0.54218073	0.05336942445220524
0.54418139	0.05336942445220524
0.54618206	0.05336942445220524
0.54818273	0.05336942445220524
0.55018339	0.05336942445220524
0.55218406	0.05336942445220524
0.55418473	0.05336942445220524
0.5561854	0.05336942445220524
0.55818606	0.05336942445220524
0.56018673	0.05336942445220524
0.5621874	0.05336942445220524
0.56418806	0.05336942445220524
0.56618873	0.05336942445220524
0.5681894	0.05336942445220524
0.57019006	0.05336942445220524
0.57219073	0.05336942445220524
0.5741914	0.05336942445220524
0.57619206	0.05336942445220524
0.57819273	0.05336942445220524
0.5801934	0.05336942445220524
0.58219406	0.05336942445220524
0.58419473	0.05336942445220524
0.5861954	0.05336942445220524
0.58819607	0.05336942445220524
0.59019673	0.05336942445220524
0.5921974	0.05336942445220524
0.59419807	0.05336942445220524
0.59619873	0.05336942445220524
0.5981994	0.05336942445220524
0.60020007	0.05336942445220524
0.60220073	0.05336942445220524
0.6042014	0.05336942445220524
0.60620207	0.05336942445220524
0.60820273	0.05336942445220524
0.6102034	0.05336942445220524
0.61220407	0.05336942445220524
0.61420473	0.05336942445220524
0.6162054	0.05336942445220524
0.61820607	0.05336942445220524
0.62020674	0.05336942445220524
0.6222074	0.05336942445220524
0.62420807	0.05336942445220524
0.62620874	0.05336942445220524
0.6282094	0.05336942445220524
0.63021007	0.05336942445220524
0.63221074	0.05336942445220524
0.6342114	0.05336942445220524
0.63621207	0.05336942445220524
0.63821274	0.05336942445220524
0.6402134	0.05336942445220524
0.64221407	0.05336942445220524
0.64421474	0.05336942445220524
0.64621541	0.05336942445220524
0.64821607	0.05336942445220524
0.65021674	0.05336942445220524
0.65221741	0.05336942445220524
0.65421807	0.05336942445220524
0.65621874	0.05336942445220524
0.65821941	0.05336942445220524
0.66022007	0.05336942445220524
0.66222074	0.05336942445220524
0.66422141	0.05336942445220524
0.66622207	0.05336942445220524
0.66822274	0.05336942445220524
0.67022341	0.05336942445220524
0.67222407	0.05336942445220524
0.67422474	0.05336942445220524
0.67622541	0.05336942445220524
0.67822608	0.05336942445220524
0.68022674	0.05336942445220524
0.68222741	0.05336942445220524
0.68422808	0.05336942445220524
0.68622874	0.05336942445220524
0.68822941	0.05336942445220524
0.69023008	0.05336942445220524
0.69223074	0.05336942445220524
0.69423141	0.05336942445220524
0.69623208	0.05336942445220524
0.69823274	0.05336942445220524
0.70023341	0.05336942445220524
0.70223408	0.05336942445220524
0.70423474	0.05336942445220524
0.70623541	0.05336942445220524
0.70823608	0.05336942445220524
0.71023675	0.05336942445220524
0.71223741	0.05336942445220524
0.71423808	0.05336942445220524
0.71623875	0.05336942445220524
0.71823941	0.05336942445220524
0.72024008	0.05336942445220524
0.72224075	0.05336942445220524
0.72424141	0.05336942445220524
0.72624208	0.05336942445220524
0.72824275	0.05336942445220524
0.73024341	0.05336942445220524
0.73224408	0.05336942445220524
0.73424475	0.05336942445220524
0.73624542	0.05336942445220524
0.73824608	0.05336942445220524
0.74024675	0.05336942445220524
0.74224742	0.05336942445220524
0.74424808	0.05336942445220524
0.74624875	0.05336942445220524
0.74824942	0.05336942445220524
0.75025008	0.05336942445220524
0.75225075	0.05336942445220524
0.75425142	0.05336942445220524
0.75625208	0.05336942445220524
0.75825275	0.05336942445220524
0.76025342	0.05336942445220524
0.76225408	0.05336942445220524
0.76425475	0.05336942445220524
0.76625542	0.05336942445220524
0.76825609	0.05336942445220524
0.77025675	0.05336942445220524
0.77225742	0.05336942445220524
0.77425809	0.05336942445220524
0.77625875	0.05336942445220524
0.77825942	0.05336942445220524
0.78026009	0.05336942445220524
0.78226075	0.05336942445220524
0.78426142	0.05336942445220524
0.78626209	0.05336942445220524
0.78826275	0.05336942445220524
0.79026342	0.05336942445220524
0.79226409	0.05336942445220524
0.79426475	0.05336942445220524
0.79626542	0.05336942445220524
0.79826609	0.05336942445220524
0.80026676	0.05336942445220524
0.80226742	0.05336942445220524
0.80426809	0.05336942445220524
0.80626876	0.05336942445220524
0.80826942	0.05336942445220524
0.81027009	0.05336942445220524
0.81227076	0.05336942445220524
0.81427142	0.05336942445220524
0.81627209	0.05336942445220524
0.81827276	0.05336942445220524
0.82027342	0.05336942445220524
0.82227409	0.05336942445220524
0.82427476	0.05336942445220524
0.82627543	0.05336942445220524
0.82827609	0.05336942445220524
0.83027676	0.05336942445220524
0.83227743	0.05336942445220524
0.83427809	0.05336942445220524
0.83627876	0.05336942445220524
0.83827943	0.05336942445220524
0.84028009	0.05336942445220524
0.84228076	0.05336942445220524
0.84428143	0.05336942445220524
0.84628209	0.05336942445220524
0.84828276	0.05336942445220524
0.85028343	0.05336942445220524
0.85228409	0.05336942445220524
0.85428476	0.05336942445220524
0.85628543	0.05336942445220524
0.8582861	0.05336942445220524
0.86028676	0.05336942445220524
0.86228743	0.05336942445220524
0.8642881	0.05336942445220524
0.86628876	0.05336942445220524
0.86828943	0.05336942445220524
0.8702901	0.05336942445220524
0.87229076	0.05336942445220524
0.87429143	0.05336942445220524
0.8762921	0.05336942445220524
0.87829276	0.05336942445220524
0.88029343	0.05336942445220524
0.8822941	0.05336942445220524
0.88429476	0.05336942445220524
0.88629543	0.05336942445220524
0.8882961	0.05336942445220524
0.89029677	0.05336942445220524
0.89229743	0.05336942445220524
0.8942981	0.05336942445220524
0.89629877	0.05336942445220524
0.89829943	0.05336942445220524
0.9003001	0.05336942445220524
0.90230077	0.05336942445220524
0.90430143	0.05336942445220524
0.9063021	0.05336942445220524
0.90830277	0.05336942445220524
0.91030343	0.05336942445220524
0.9123041	0.05336942445220524
0.91430477	0.05336942445220524
0.91630544	0.05336942445220524
0.9183061	0.05336942445220524
0.92030677	0.05336942445220524
0.92230744	0.05336942445220524
0.9243081	0.05336942445220524
0.92630877	0.05336942445220524
0.92830944	0.05336942445220524
0.9303101	0.05336942445220524
0.93231077	0.05336942445220524
0.93431144	0.05336942445220524
0.9363121	0.05336942445220524
0.93831277	0.05336942445220524
0.94031344	0.05336942445220524
0.9423141	0.05336942445220524
0.94431477	0.05336942445220524
0.94631544	0.05336942445220524
0.94831611	0.05336942445220524
0.95031677	0.05336942445220524
0.95231744	0.05336942445220524
0.95431811	0.05336942445220524
0.95631877	0.05336942445220524
0.95831944	0.05336942445220524
0.96032011	0.05336942445220524
0.96232077	0.05336942445220524
0.96432144	0.05336942445220524
0.96632211	0.05336942445220524
0.96832277	0.05336942445220524
0.97032344	0.05336942445220524
0.97232411	0.05336942445220524
0.97432477	0.05336942445220524
0.97632544	0.05336942445220524
0.97832611	0.05336942445220524
0.98032678	0.05336942445220524
0.98232744	0.05336942445220524
0.98432811	0.05336942445220524
0.98632878	0.05336942445220524
0.98832944	0.05336942445220524
0.99033011	0.05336942445220524
0.99233078	0.05336942445220524
0.99433144	0.05336942445220524
0.99633211	0.05336942445220524
0.99833278	0.05336942445220524
1.0003334	0.05336942445220524
1.0023341	0.05336942445220524
1.0043348	0.05336942445220524
1.0063354	0.05336942445220524
1.0083361	0.05336942445220524
1.0103368	0.05336942445220524
1.0123374	0.05336942445220524
1.0143381	0.05336942445220524
1.0163388	0.05336942445220524
1.0183394	0.05336942445220524
1.0203401	0.05336942445220524
1.0223408	0.05336942445220524
1.0243414	0.05336942445220524
1.0263421	0.05336942445220524
1.0283428	0.05336942445220524
1.0303434	0.05336942445220524
1.0323441	0.05336942445220524
1.0343448	0.05336942445220524
1.0363454	0.05336942445220524
1.0383461	0.05336942445220524
1.0403468	0.05336942445220524
1.0423474	0.05336942445220524
1.0443481	0.05336942445220524
1.0463488	0.05336942445220524
1.0483494	0.05336942445220524
1.0503501	0.05336942445220524
1.0523508	0.05336942445220524
1.0543515	0.05336942445220524
1.0563521	0.05336942445220524
1.0583528	0.05336942445220524
1.0603535	0.05336942445220524
1.0623541	0.05336942445220524
1.0643548	0.05336942445220524
1.0663555	0.05336942445220524
1.0683561	0.05336942445220524
1.0703568	0.05336942445220524
1.0723575	0.05336942445220524
1.0743581	0.05336942445220524
1.0763588	0.05336942445220524
1.0783595	0.05336942445220524
1.0803601	0.05336942445220524
1.0823608	0.05336942445220524
1.0843615	0.05336942445220524
1.0863621	0.05336942445220524
1.0883628	0.05336942445220524
1.0903635	0.05336942445220524
1.0923641	0.05336942445220524
1.0943648	0.05336942445220524
1.0963655	0.05336942445220524
1.0983661	0.05336942445220524
1.1003668	0.05336942445220524
1.1023675	0.05336942445220524
1.1043681	0.05336942445220524
1.1063688	0.05336942445220524
1.1083695	0.05336942445220524
1.1103701	0.05336942445220524
1.1123708	0.05336942445220524
1.1143715	0.05336942445220524
1.1163721	0.05336942445220524
1.1183728	0.05336942445220524
1.1203735	0.05336942445220524
1.1223741	0.05336942445220524
1.1243748	0.05336942445220524
1.1263755	0.05336942445220524
1.1283761	0.05336942445220524
1.1303768	0.05336942445220524
1.1323775	0.05336942445220524
1.1343781	0.05336942445220524
1.1363788	0.05336942445220524
1.1383795	0.05336942445220524
1.1403801	0.05336942445220524
1.1423808	0.05336942445220524
1.1443815	0.05336942445220524
1.1463821	0.05336942445220524
1.1483828	0.05336942445220524
1.1503835	0.05336942445220524
1.1523841	0.05336942445220524
1.1543848	0.05336942445220524
1.1563855	0.05336942445220524
1.1583861	0.05336942445220524
1.1603868	0.05336942445220524
1.1623875	0.05336942445220524
1.1643881	0.05336942445220524
1.1663888	0.05336942445220524
1.1683895	0.05336942445220524
1.1703901	0.05336942445220524
1.1723908	0.05336942445220524
1.1743915	0.05336942445220524
1.1763921	0.05336942445220524
1.1783928	0.05336942445220524
1.1803935	0.05336942445220524
1.1823941	0.05336942445220524
1.1843948	0.05336942445220524
1.1863955	0.05336942445220524
1.1883961	0.05336942445220524
1.1903968	0.05336942445220524
1.1923975	0.05336942445220524
1.1943981	0.05336942445220524
1.1963988	0.05336942445220524
1.1983995	0.05336942445220524
1.2004001	0.05336942445220524
1.2024008	0.05336942445220524
1.2044015	0.05336942445220524
1.2064021	0.05336942445220524
1.2084028	0.05336942445220524
1.2104035	0.05336942445220524
1.2124041	0.05336942445220524
1.2144048	0.05336942445220524
1.2164055	0.05336942445220524
1.2184061	0.05336942445220524
1.2204068	0.05336942445220524
1.2224075	0.05336942445220524
1.2244081	0.05336942445220524
1.2264088	0.05336942445220524
1.2284095	0.05336942445220524
1.2304101	0.05336942445220524
1.2324108	0.05336942445220524
1.2344115	0.05336942445220524
1.2364121	0.05336942445220524
1.2384128	0.05336942445220524
1.2404135	0.05336942445220524
1.2424141	0.05336942445220524
1.2444148	0.05336942445220524
1.2464155	0.05336942445220524
1.2484161	0.05336942445220524
1.2504168	0.05336942445220524
1.2524175	0.05336942445220524
1.2544181	0.05336942445220524
1.2564188	0.05336942445220524
1.2584195	0.05336942445220524
1.2604201	0.05336942445220524
1.2624208	0.05336942445220524
1.2644215	0.05336942445220524
1.2664221	0.05336942445220524
1.2684228	0.05336942445220524
1.2704235	0.05336942445220524
1.2724241	0.05336942445220524
1.2744248	0.05336942445220524
1.2764255	0.05336942445220524
1.2784261	0.05336942445220524
1.2804268	0.05336942445220524
1.2824275	0.05336942445220524
1.2844281	0.05336942445220524
1.2864288	0.05336942445220524
1.2884295	0.05336942445220524
1.2904301	0.05336942445220524
1.2924308	0.05336942445220524
1.2944315	0.05336942445220524
1.2964321	0.05336942445220524
1.2984328	0.05336942445220524
1.3004335	0.05336942445220524
1.3024341	0.05336942445220524
1.3044348	0.05336942445220524
1.3064355	0.05336942445220524
1.3084361	0.05336942445220524
1.3104368	0.05336942445220524
1.3124375	0.05336942445220524
1.3144381	0.05336942445220524
1.3164388	0.05336942445220524
1.3184395	0.05336942445220524
1.3204401	0.05336942445220524
1.3224408	0.05336942445220524
1.3244415	0.05336942445220524
1.3264421	0.05336942445220524
1.3284428	0.05336942445220524
1.3304435	0.05336942445220524
1.3324441	0.05336942445220524
1.3344448	0.05336942445220524
1.3364455	0.05336942445220524
1.3384461	0.05336942445220524
1.3404468	0.05336942445220524
1.3424475	0.05336942445220524
1.3444481	0.05336942445220524
1.3464488	0.05336942445220524
1.3484495	0.05336942445220524
1.3504502	0.05336942445220524
1.3524508	0.05336942445220524
1.3544515	0.05336942445220524
1.3564522	0.05336942445220524
1.3584528	0.05336942445220524
1.3604535	0.05336942445220524
1.3624542	0.05336942445220524
1.3644548	0.05336942445220524
1.3664555	0.05336942445220524
1.3684562	0.05336942445220524
1.3704568	0.05336942445220524
1.3724575	0.05336942445220524
1.3744582	0.05336942445220524
1.3764588	0.05336942445220524
1.3784595	0.05336942445220524
1.3804602	0.05336942445220524
1.3824608	0.05336942445220524
1.3844615	0.05336942445220524
1.3864622	0.05336942445220524
1.3884628	0.05336942445220524
1.3904635	0.05336942445220524
1.3924642	0.05336942445220524
1.3944648	0.05336942445220524
1.3964655	0.05336942445220524
1.3984662	0.05336942445220524
1.4004668	0.05336942445220524
1.4024675	0.05336942445220524
1.4044682	0.05336942445220524
1.4064688	0.05336942445220524
1.4084695	0.05336942445220524
1.4104702	0.05336942445220524
1.4124708	0.05336942445220524
1.4144715	0.05336942445220524
1.4164722	0.05336942445220524
1.4184728	0.05336942445220524
1.4204735	0.05336942445220524
1.4224742	0.05336942445220524
1.4244748	0.05336942445220524
1.4264755	0.05336942445220524
1.4284762	0.05336942445220524
1.4304768	0.05336942445220524
1.4324775	0.05336942445220524
1.4344782	0.05336942445220524
1.4364788	0.05336942445220524
1.4384795	0.05336942445220524
1.4404802	0.05336942445220524
1.4424808	0.05336942445220524
1.4444815	0.05336942445220524
1.4464822	0.05336942445220524
1.4484828	0.05336942445220524
1.4504835	0.05336942445220524
1.4524842	0.05336942445220524
1.4544848	0.05336942445220524
1.4564855	0.05336942445220524
1.4584862	0.05336942445220524
1.4604868	0.05336942445220524
1.4624875	0.05336942445220524
1.4644882	0.05336942445220524
1.4664888	0.05336942445220524
1.4684895	0.05336942445220524
1.4704902	0.05336942445220524
1.4724908	0.05336942445220524
1.4744915	0.05336942445220524
1.4764922	0.05336942445220524
1.4784928	0.05336942445220524
1.4804935	0.05336942445220524
1.4824942	0.05336942445220524
1.4844948	0.05336942445220524
1.4864955	0.05336942445220524
1.4884962	0.05336942445220524
1.4904968	0.05336942445220524
1.4924975	0.05336942445220524
1.4944982	0.05336942445220524
1.4964988	0.05336942445220524
1.4984995	0.05336942445220524
1.5005002	0.05336942445220524
1.5025008	0.05336942445220524
1.5045015	0.05336942445220524
1.5065022	0.05336942445220524
1.5085028	0.05336942445220524
1.5105035	0.05336942445220524
1.5125042	0.05336942445220524
1.5145048	0.05336942445220524
1.5165055	0.05336942445220524
1.5185062	0.05336942445220524
1.5205068	0.05336942445220524
1.5225075	0.05336942445220524
1.5245082	0.05336942445220524
1.5265088	0.05336942445220524
1.5285095	0.05336942445220524
1.5305102	0.05336942445220524
1.5325108	0.05336942445220524
1.5345115	0.05336942445220524
1.5365122	0.05336942445220524
1.5385128	0.05336942445220524
1.5405135	0.05336942445220524
1.5425142	0.05336942445220524
1.5445148	0.05336942445220524
1.5465155	0.05336942445220524
1.5485162	0.05336942445220524
1.5505168	0.05336942445220524
1.5525175	0.05336942445220524
1.5545182	0.05336942445220524
1.5565188	0.05336942445220524
1.5585195	0.05336942445220524
1.5605202	0.05336942445220524
1.5625208	0.05336942445220524
1.5645215	0.05336942445220524
1.5665222	0.05336942445220524
1.5685228	0.05336942445220524
1.5705235	0.05336942445220524
1.5725242	0.05336942445220524
1.5745248	0.05336942445220524
1.5765255	0.05336942445220524
1.5785262	0.05336942445220524
1.5805268	0.05336942445220524
1.5825275	0.05336942445220524
1.5845282	0.05336942445220524
1.5865288	0.05336942445220524
1.5885295	0.05336942445220524
1.5905302	0.05336942445220524
1.5925308	0.05336942445220524
1.5945315	0.05336942445220524
1.5965322	0.05336942445220524
1.5985328	0.05336942445220524
1.6005335	0.05336942445220524
1.6025342	0.05336942445220524
1.6045348	0.05336942445220524
1.6065355	0.05336942445220524
1.6085362	0.05336942445220524
1.6105368	0.05336942445220524
1.6125375	0.05336942445220524
1.6145382	0.05336942445220524
1.6165388	0.05336942445220524
1.6185395	0.05336942445220524
1.6205402	0.05336942445220524
1.6225408	0.05336942445220524
1.6245415	0.05336942445220524
1.6265422	0.05336942445220524
1.6285428	0.05336942445220524
1.6305435	0.05336942445220524
1.6325442	0.05336942445220524
1.6345448	0.05336942445220524
1.6365455	0.05336942445220524
1.6385462	0.05336942445220524
1.6405468	0.05336942445220524
1.6425475	0.05336942445220524
1.6445482	0.05336942445220524
1.6465488	0.05336942445220524
1.6485495	0.05336942445220524
1.6505502	0.05336942445220524
1.6525509	0.05336942445220524
1.6545515	0.05336942445220524
1.6565522	0.05336942445220524
1.6585529	0.05336942445220524
1.6605535	0.05336942445220524
1.6625542	0.05336942445220524
1.6645549	0.05336942445220524
1.6665555	0.05336942445220524
1.6685562	0.05336942445220524
1.6705569	0.05336942445220524
1.6725575	0.05336942445220524
1.6745582	0.05336942445220524
1.6765589	0.05336942445220524
1.6785595	0.05336942445220524
1.6805602	0.05336942445220524
1.6825609	0.05336942445220524
1.6845615	0.05336942445220524
1.6865622	0.05336942445220524
1.6885629	0.05336942445220524
1.6905635	0.05336942445220524
1.6925642	0.05336942445220524
1.6945649	0.05336942445220524
1.6965655	0.05336942445220524
1.6985662	0.05336942445220524
1.7005669	0.05336942445220524
1.7025675	0.05336942445220524
1.7045682	0.05336942445220524
1.7065689	0.05336942445220524
1.7085695	0.05336942445220524
1.7105702	0.05336942445220524
1.7125709	0.05336942445220524
1.7145715	0.05336942445220524
1.7165722	0.05336942445220524
1.7185729	0.05336942445220524
1.7205735	0.05336942445220524
1.7225742	0.05336942445220524
1.7245749	0.05336942445220524
1.7265755	0.05336942445220524
1.7285762	0.05336942445220524
1.7305769	0.05336942445220524
1.7325775	0.05336942445220524
1.7345782	0.05336942445220524
1.7365789	0.05336942445220524
1.7385795	0.05336942445220524
1.7405802	0.05336942445220524
1.7425809	0.05336942445220524
1.7445815	0.05336942445220524
1.7465822	0.05336942445220524
1.7485829	0.05336942445220524
1.7505835	0.05336942445220524
1.7525842	0.05336942445220524
1.7545849	0.05336942445220524
1.7565855	0.05336942445220524
1.7585862	0.05336942445220524
1.7605869	0.05336942445220524
1.7625875	0.05336942445220524
1.7645882	0.05336942445220524
1.7665889	0.05336942445220524
1.7685895	0.05336942445220524
1.7705902	0.05336942445220524
1.7725909	0.05336942445220524
1.7745915	0.05336942445220524
1.7765922	0.05336942445220524
1.7785929	0.05336942445220524
1.7805935	0.05336942445220524
1.7825942	0.05336942445220524
1.7845949	0.05336942445220524
1.7865955	0.05336942445220524
1.7885962	0.05336942445220524
1.7905969	0.05336942445220524
1.7925975	0.05336942445220524
1.7945982	0.05336942445220524
1.7965989	0.05336942445220524
1.7985995	0.05336942445220524
1.8006002	0.05336942445220524
1.8026009	0.05336942445220524
1.8046015	0.05336942445220524
1.8066022	0.05336942445220524
1.8086029	0.05336942445220524
1.8106035	0.05336942445220524
1.8126042	0.05336942445220524
1.8146049	0.05336942445220524
1.8166055	0.05336942445220524
1.8186062	0.05336942445220524
1.8206069	0.05336942445220524
1.8226075	0.05336942445220524
1.8246082	0.05336942445220524
1.8266089	0.05336942445220524
1.8286095	0.05336942445220524
1.8306102	0.05336942445220524
1.8326109	0.05336942445220524
1.8346115	0.05336942445220524
1.8366122	0.05336942445220524
1.8386129	0.05336942445220524
1.8406135	0.05336942445220524
1.8426142	0.05336942445220524
1.8446149	0.05336942445220524
1.8466155	0.05336942445220524
1.8486162	0.05336942445220524
1.8506169	0.05336942445220524
1.8526175	0.05336942445220524
1.8546182	0.05336942445220524
1.8566189	0.05336942445220524
1.8586195	0.05336942445220524
1.8606202	0.05336942445220524
1.8626209	0.05336942445220524
1.8646215	0.05336942445220524
1.8666222	0.05336942445220524
1.8686229	0.05336942445220524
1.8706235	0.05336942445220524
1.8726242	0.05336942445220524
1.8746249	0.05336942445220524
1.8766255	0.05336942445220524
1.8786262	0.05336942445220524
1.8806269	0.05336942445220524
1.8826275	0.05336942445220524
1.8846282	0.05336942445220524
1.8866289	0.05336942445220524
1.8886295	0.05336942445220524
1.8906302	0.05336942445220524
1.8926309	0.05336942445220524
1.8946315	0.05336942445220524
1.8966322	0.05336942445220524
1.8986329	0.05336942445220524
1.9006335	0.05336942445220524
1.9026342	0.05336942445220524
1.9046349	0.05336942445220524
1.9066355	0.05336942445220524
1.9086362	0.05336942445220524
1.9106369	0.05336942445220524
1.9126375	0.05336942445220524
1.9146382	0.05336942445220524
1.9166389	0.05336942445220524
1.9186395	0.05336942445220524
1.9206402	0.05336942445220524
1.9226409	0.05336942445220524
1.9246415	0.05336942445220524
1.9266422	0.05336942445220524
1.9286429	0.05336942445220524
1.9306435	0.05336942445220524
1.9326442	0.05336942445220524
1.9346449	0.05336942445220524
1.9366455	0.05336942445220524
1.9386462	0.05336942445220524
1.9406469	0.05336942445220524
1.9426475	0.05336942445220524
1.9446482	0.05336942445220524
1.9466489	0.05336942445220524
1.9486495	0.05336942445220524
1.9506502	0.05336942445220524
1.9526509	0.05336942445220524
1.9546516	0.05336942445220524
1.9566522	0.05336942445220524
1.9586529	0.05336942445220524
1.9606536	0.05336942445220524
1.9626542	0.05336942445220524
1.9646549	0.05336942445220524
1.9666556	0.05336942445220524
1.9686562	0.05336942445220524
1.9706569	0.05336942445220524
1.9726576	0.05336942445220524
1.9746582	0.05336942445220524
1.9766589	0.05336942445220524
1.9786596	0.05336942445220524
1.9806602	0.05336942445220524
1.9826609	0.05336942445220524
1.9846616	0.05336942445220524
1.9866622	0.05336942445220524
1.9886629	0.05336942445220524
1.9906636	0.05336942445220524
1.9926642	0.05336942445220524
1.9946649	0.05336942445220524
1.9966656	0.05336942445220524
1.9986662	0.05336942445220524
2.0006669	0.05336942445220524
2.0026676	0.05336942445220524
2.0046682	0.05336942445220524
2.0066689	0.05336942445220524
2.0086696	0.05336942445220524
2.0106702	0.05336942445220524
2.0126709	0.05336942445220524
2.0146716	0.05336942445220524
2.0166722	0.05336942445220524
2.0186729	0.05336942445220524
2.0206736	0.05336942445220524
2.0226742	0.05336942445220524
2.0246749	0.05336942445220524
2.0266756	0.05336942445220524
2.0286762	0.05336942445220524
2.0306769	0.05336942445220524
2.0326776	0.05336942445220524
2.0346782	0.05336942445220524
2.0366789	0.05336942445220524
2.0386796	0.05336942445220524
2.0406802	0.05336942445220524
2.0426809	0.05336942445220524
2.0446816	0.05336942445220524
2.0466822	0.05336942445220524
2.0486829	0.05336942445220524
2.0506836	0.05336942445220524
2.0526842	0.05336942445220524
2.0546849	0.05336942445220524
2.0566856	0.05336942445220524
2.0586862	0.05336942445220524
2.0606869	0.05336942445220524
2.0626876	0.05336942445220524
2.0646882	0.05336942445220524
2.0666889	0.05336942445220524
2.0686896	0.05336942445220524
2.0706902	0.05336942445220524
2.0726909	0.05336942445220524
2.0746916	0.05336942445220524
2.0766922	0.05336942445220524
2.0786929	0.05336942445220524
2.0806936	0.05336942445220524
2.0826942	0.05336942445220524
2.0846949	0.05336942445220524
2.0866956	0.05336942445220524
2.0886962	0.05336942445220524
2.0906969	0.05336942445220524
2.0926976	0.05336942445220524
2.0946982	0.05336942445220524
2.0966989	0.05336942445220524
2.0986996	0.05336942445220524
2.1007002	0.05336942445220524
2.1027009	0.05336942445220524
2.1047016	0.05336942445220524
2.1067022	0.05336942445220524
2.1087029	0.05336942445220524
2.1107036	0.05336942445220524
2.1127042	0.05336942445220524
2.1147049	0.05336942445220524
2.1167056	0.05336942445220524
2.1187062	0.05336942445220524
2.1207069	0.05336942445220524
2.1227076	0.05336942445220524
2.1247082	0.05336942445220524
2.1267089	0.05336942445220524
2.1287096	0.05336942445220524
2.1307102	0.05336942445220524
2.1327109	0.05336942445220524
2.1347116	0.05336942445220524
2.1367122	0.05336942445220524
2.1387129	0.05336942445220524
2.1407136	0.05336942445220524
2.1427142	0.05336942445220524
2.1447149	0.05336942445220524
2.1467156	0.05336942445220524
2.1487162	0.05336942445220524
2.1507169	0.05336942445220524
2.1527176	0.05336942445220524
2.1547182	0.05336942445220524
2.1567189	0.05336942445220524
2.1587196	0.05336942445220524
2.1607202	0.05336942445220524
2.1627209	0.05336942445220524
2.1647216	0.05336942445220524
2.1667222	0.05336942445220524
2.1687229	0.05336942445220524
2.1707236	0.05336942445220524
2.1727242	0.05336942445220524
2.1747249	0.05336942445220524
2.1767256	0.05336942445220524
2.1787262	0.05336942445220524
2.1807269	0.05336942445220524
2.1827276	0.05336942445220524
2.1847282	0.05336942445220524
2.1867289	0.05336942445220524
2.1887296	0.05336942445220524
2.1907302	0.05336942445220524
2.1927309	0.05336942445220524
2.1947316	0.05336942445220524
2.1967322	0.05336942445220524
2.1987329	0.05336942445220524
2.2007336	0.05336942445220524
2.2027342	0.05336942445220524
2.2047349	0.05336942445220524
2.2067356	0.05336942445220524
2.2087362	0.05336942445220524
2.2107369	0.05336942445220524
2.2127376	0.05336942445220524
2.2147382	0.05336942445220524
2.2167389	0.05336942445220524
2.2187396	0.05336942445220524
2.2207402	0.05336942445220524
2.2227409	0.05336942445220524
2.2247416	0.05336942445220524
2.2267422	0.05336942445220524
2.2287429	0.05336942445220524
2.2307436	0.05336942445220524
2.2327442	0.05336942445220524
2.2347449	0.05336942445220524
2.2367456	0.05336942445220524
2.2387462	0.05336942445220524
2.2407469	0.05336942445220524
2.2427476	0.05336942445220524
2.2447482	0.05336942445220524
2.2467489	0.05336942445220524
2.2487496	0.05336942445220524
2.2507503	0.05336942445220524
2.2527509	0.05336942445220524
2.2547516	0.05336942445220524
2.2567523	0.05336942445220524
2.2587529	0.05336942445220524
2.2607536	0.05336942445220524
2.2627543	0.05336942445220524
2.2647549	0.05336942445220524
2.2667556	0.05336942445220524
2.2687563	0.05336942445220524
2.2707569	0.05336942445220524
2.2727576	0.05336942445220524
2.2747583	0.05336942445220524
2.2767589	0.05336942445220524
2.2787596	0.05336942445220524
2.2807603	0.05336942445220524
2.2827609	0.05336942445220524
2.2847616	0.05336942445220524
2.2867623	0.05336942445220524
2.2887629	0.05336942445220524
2.2907636	0.05336942445220524
2.2927643	0.05336942445220524
2.2947649	0.05336942445220524
2.2967656	0.05336942445220524
2.2987663	0.05336942445220524
2.3007669	0.05336942445220524
2.3027676	0.05336942445220524
2.3047683	0.05336942445220524
2.3067689	0.05336942445220524
2.3087696	0.05336942445220524
2.3107703	0.05336942445220524
2.3127709	0.05336942445220524
2.3147716	0.05336942445220524
2.3167723	0.05336942445220524
2.3187729	0.05336942445220524
2.3207736	0.05336942445220524
2.3227743	0.05336942445220524
2.3247749	0.05336942445220524
2.3267756	0.05336942445220524
2.3287763	0.05336942445220524
2.3307769	0.05336942445220524
2.3327776	0.05336942445220524
2.3347783	0.05336942445220524
2.3367789	0.05336942445220524
2.3387796	0.05336942445220524
2.3407803	0.05336942445220524
2.3427809	0.05336942445220524
2.3447816	0.05336942445220524
2.3467823	0.05336942445220524
2.3487829	0.05336942445220524
2.3507836	0.05336942445220524
2.3527843	0.05336942445220524
2.3547849	0.05336942445220524
2.3567856	0.05336942445220524
2.3587863	0.05336942445220524
2.3607869	0.05336942445220524
2.3627876	0.05336942445220524
2.3647883	0.05336942445220524
2.3667889	0.05336942445220524
2.3687896	0.05336942445220524
2.3707903	0.05336942445220524
2.3727909	0.05336942445220524
2.3747916	0.05336942445220524
2.3767923	0.05336942445220524
2.3787929	0.05336942445220524
2.3807936	0.05336942445220524
2.3827943	0.05336942445220524
2.3847949	0.05336942445220524
2.3867956	0.05336942445220524
2.3887963	0.05336942445220524
2.3907969	0.05336942445220524
2.3927976	0.05336942445220524
2.3947983	0.05336942445220524
2.3967989	0.05336942445220524
2.3987996	0.05336942445220524
2.4008003	0.05336942445220524
2.4028009	0.05336942445220524
2.4048016	0.05336942445220524
2.4068023	0.05336942445220524
2.4088029	0.05336942445220524
2.4108036	0.05336942445220524
2.4128043	0.05336942445220524
2.4148049	0.05336942445220524
2.4168056	0.05336942445220524
2.4188063	0.05336942445220524
2.4208069	0.05336942445220524
2.4228076	0.05336942445220524
2.4248083	0.05336942445220524
2.4268089	0.05336942445220524
2.4288096	0.05336942445220524
2.4308103	0.05336942445220524
2.4328109	0.05336942445220524
2.4348116	0.05336942445220524
2.4368123	0.05336942445220524
2.4388129	0.05336942445220524
2.4408136	0.05336942445220524
2.4428143	0.05336942445220524
2.4448149	0.05336942445220524
2.4468156	0.05336942445220524
2.4488163	0.05336942445220524
2.4508169	0.05336942445220524
2.4528176	0.05336942445220524
2.4548183	0.05336942445220524
2.4568189	0.05336942445220524
2.4588196	0.05336942445220524
2.4608203	0.05336942445220524
2.4628209	0.05336942445220524
2.4648216	0.05336942445220524
2.4668223	0.05336942445220524
2.4688229	0.05336942445220524
2.4708236	0.05336942445220524
2.4728243	0.05336942445220524
2.4748249	0.05336942445220524
2.4768256	0.05336942445220524
2.4788263	0.05336942445220524
2.4808269	0.05336942445220524
2.4828276	0.05336942445220524
2.4848283	0.05336942445220524
2.4868289	0.05336942445220524
2.4888296	0.05336942445220524
2.4908303	0.05336942445220524
2.4928309	0.05336942445220524
2.4948316	0.05336942445220524
2.4968323	0.05336942445220524
2.4988329	0.05336942445220524
2.5008336	0.05336942445220524
2.5028343	0.05336942445220524
2.5048349	0.05336942445220524
2.5068356	0.05336942445220524
2.5088363	0.05336942445220524
2.5108369	0.05336942445220524
2.5128376	0.05336942445220524
2.5148383	0.05281188850051521
2.5168389	0.05207664636496691
2.5188396	0.05134483970612824
2.5208403	0.05061650953101565
2.5228409	0.049891664952299436
2.5248416	0.049170315082649914
2.5268423	0.04845246903473739
2.5288429	0.047738099470550945
2.5308436	0.04702715627040382
2.5328443	0.04631955742026315
2.5348449	0.04561519812442028
2.5368456	0.044913991812507215
2.5388463	0.04421587469583174
2.5408469	0.0435208376617235
2.5428476	0.042828889822852836
2.5448483	0.04214007218623618
2.5468489	0.0414544212025548
2.5488496	0.04077197332248996
2.5508503	0.04009275132771745
2.552851	0.03941678711258339
2.5548516	0.03874409434609326
2.5568523	0.03807469580992283
2.558853	0.03740859150407212
2.5608536	0.0367457950975466
2.5628543	0.03608630659034628
2.564855	0.035430125982471125
2.5668556	0.03477726238659151
2.5688563	0.034127711246372226
2.570857	0.0334814816744836
2.5728576	0.032838564558255345
2.5748583	0.032198964454022594
2.576859	0.03156268136178534
2.5788596	0.03092971072520844
2.5808603	0.030300061656962213
2.582861	0.02967372504437633
2.5848616	0.029050700887450803
2.5868623	0.028430989186185616
2.588863	0.027814589940580784
2.5908636	0.027201498594301137
2.5928643	0.026591715147346685
2.594865	0.025985244156052585
2.5968656	0.025382071951413357
2.5988663	0.024782216758769633
2.600867	0.024185664909115945
2.6028676	0.02359242095878745
2.6048683	0.02300249402045446
2.606869	0.022415870425111496
2.6088696	0.02183256384176405
2.6108703	0.02125256060140663
2.612871	0.020675869816709564
2.6148716	0.020102491487672843
2.6168723	0.019532421057961314
2.618873	0.01896565852757498
2.6208736	0.01840219478384351
2.6228743	0.017842034383102084
2.624875	0.017285172769015523
2.6268756	0.016731596272578367
2.6288763	0.016181300337455438
2.630877	0.0156342804073116
2.6328776	0.015090522813141362
2.6348783	0.014550018442274408
2.636879	0.014012767294710743
2.6388796	0.013478746588774572
2.6408803	0.01294795176813074
2.642881	0.012420373720108917
2.6448816	0.011895998775703643
2.6468823	0.011374813265909427
2.648883	0.010856812634391132
2.6508836	0.010341983212143257
2.6528843	0.009830315886495493
2.654885	0.00932179698844237
2.6568856	0.008816426517983889
2.6588863	0.0083141862497794
2.660887	0.007815062514823444
2.6628876	0.007319050756780861
2.6648883	0.006826137306646162
2.666889	0.0063363130517490466
2.6688896	0.0058495734357543365
2.6708903	0.005365904789656571
2.672891	0.0048852888881151125
2.6748916	0.004407725731129967
2.6768923	0.0039332062060308
2.678893	0.003461721200147301
2.6808936	0.0029932552219399397
2.6828943	0.002527803715073549
2.684895	0.002065354833076725
2.6868956	0.0016058994632791323
2.6888963	0.0011494316824450898
2.690897	0.0006959337208674551
2.6928976	0.00024540011094405174
2.6948983	-0.00020218144943005286
2.696899	-0.0006468173391240854
2.6988996	-0.001088516215174836
2.7009003	-0.0015272922022213043
2.702901	-0.0019631621587035825
2.7049016	-0.0023961247177211073
2.7069023	-0.0028261994715150806
2.708903	-0.0032533932545882167
2.7109036	-0.003677716090877893
2.7129043	-0.00409917845995495
2.714905	-0.004517789474489716
2.7169056	-0.004933557791518988
2.7189063	-0.0053464934349801195
2.720907	-0.0057566050619099135
2.7229076	-0.006163900418078137
2.7249083	-0.0065683877048880734
2.726909	-0.00697007603501004
2.7289096	-0.007368970420412716
2.7309103	-0.007765075417431258
2.732911	-0.008158399227468948
2.7349116	-0.00854894822939501
2.7369123	-0.008936729713345705
2.738913	-0.00932174914692321
2.7409136	-0.009704012453363244
2.7429143	-0.010083522366466896
2.744915	-0.010460293922140186
2.7469156	-0.010834329398550701
2.7489163	-0.011205635630201176
2.750917	-0.011574222185395444
2.7529176	-0.01194009498736921
2.7549183	-0.012303262693159279
2.756919	-0.012663731226001352
2.7589196	-0.013021512888000363
2.7609203	-0.013376615880559592
2.762921	-0.013729052505783969
2.7649216	-0.014078828686909203
2.7669223	-0.014425955359139677
2.768923	-0.014770442546412734
2.7709236	-0.01511229936139869
2.7729243	-0.015451536739301936
2.774925	-0.01578816470405981
2.7769256	-0.016122195102143733
2.7789263	-0.01645363795749104
2.780927	-0.016782503294039106
2.7829276	-0.01710880478079338
2.7849283	-0.01743254742972255
2.786929	-0.017753745821099124
2.7889296	-0.018072414079562088
2.7909303	-0.018388560862148247
2.792931	-0.01870219892659605
2.7949316	-0.01901333647430877
2.7969323	-0.019321990363726504
2.798933	-0.019628173808221214
2.8009336	-0.019931894553562663
2.8029343	-0.020233160345520626
2.804935	-0.020531990776336276
2.8069356	-0.02082839313614588
2.8089363	-0.021122377904520293
2.810937	-0.02141395419412984
2.8129376	-0.02170312656130967
2.8149383	-0.021989912320133392
2.816939	-0.022274311014967494
2.8189396	-0.02255632856904767
2.8209403	-0.022835979107012926
2.822941	-0.023113265362664347
2.8249416	-0.023388187791635453
2.8269423	-0.023660755962230082
2.828943	-0.023930968507547674
2.8309436	-0.02419883408462504
2.8329443	-0.0244643590723314
2.834945	-0.02472754529320082
2.8369456	-0.024988400493003066
2.8389463	-0.025246930139340328
2.840947	-0.02550313924418128
2.8429476	-0.025757036920196246
2.8449483	-0.026008620433584123
2.846949	-0.026257911654753677
2.8489496	-0.026504913317506002
2.8509503	-0.026749631800710313
2.852951	-0.026992077128303975
2.8549517	-0.027232258412957296
2.8569523	-0.027470180666638946
2.858953	-0.0277058516351187
2.8609537	-0.02793928589866907
2.8629543	-0.028170489380525757
2.864955	-0.02839947028209204
2.8669557	-0.028626238627305282
2.8689563	-0.02885079532743251
2.870957	-0.02907316316414951
2.8729577	-0.029293344415623868
2.8749583	-0.029511345460724803
2.876959	-0.029727178601557252
2.8789597	-0.029940849305723393
2.8809603	-0.03015236896406113
2.882961	-0.03036173985473804
2.8849617	-0.030568977469293657
2.8869623	-0.03077408818659722
2.888963	-0.030977072462282228
2.8909637	-0.031177951255490416
2.8929643	-0.03137672593312234
2.894965	-0.031573402418413686
2.8969657	-0.03176799301346941
2.8989663	-0.031960503641525195
2.900967	-0.03215092929061237
2.9029677	-0.032339300943810025
2.9049683	-0.03252561723421761
2.906969	-0.03270988408507082
2.9089697	-0.03289210696397186
2.9109703	-0.03307229498359104
2.912971	-0.033250461812933826
2.9149717	-0.033426608818900784
2.9169723	-0.03360074010219355
2.918973	-0.03377287844448791
2.9209737	-0.0339430215676163
2.9229743	-0.03411117903988253
2.924975	-0.034277359973956936
2.9269757	-0.03444157120434226
2.9289763	-0.03460381683174013
2.930977	-0.03476411963782634
2.9329777	-0.03492248144513497
2.9349783	-0.035078909088168735
2.936979	-0.035233413502132035
2.9389797	-0.0353860015215276
2.9409803	-0.03553668544846036
2.942981	-0.03568547166179953
2.9449817	-0.035832366084780826
2.9469823	-0.0359773819307762
2.948983	-0.03612053241315762
2.9509837	-0.03626181251995641
2.9529843	-0.03640123546454453
2.954985	-0.03653881263775987
2.9569857	-0.036674542672701885
2.9589863	-0.036808444250344734
2.960987	-0.036940521927023566
2.9629877	-0.03707077980344003
2.9649883	-0.037199227447897956
2.966989	-0.03732587032799953
2.9689897	-0.03745072029021618
2.9709903	-0.03757379237045391
2.972991	-0.03769506424267045
2.9749917	-0.03781457431677119
2.9769923	-0.03793231079184808
2.978993	-0.03804828615225943
2.9809937	-0.03816250905504206
2.9829943	-0.03827498656251545
2.984995	-0.03838572815185675
2.9869957	-0.03849473692137385
2.9889963	-0.038602022530497306
2.990997	-0.03870759012788582
2.9929977	-0.0388114491451532
2.9949983	-0.038913606188985414
2.996999	-0.039014067957195135
2.9989997	-0.03911284265118566
3.0010003	-0.039209936968769676
3.003001	-0.03930535824564677
3.0050017	-0.03939911454653019
3.0070023	-0.03949121266035932
3.009003	-0.03958166060628403
3.0110037	-0.03967046485430026
3.0130043	-0.0397576341525715
3.015005	-0.039843174834403625
3.0170057	-0.039927095602396795
3.0190063	-0.04000939714000127
3.021007	-0.04009009735361425
3.0230077	-0.04016919938710696
3.0250083	-0.04024671335554347
3.027009	-0.040322644954342735
3.0290097	-0.040396998830966604
3.0310103	-0.04046978733308337
3.033011	-0.040541019801180085
3.0350117	-0.04061069997145161
3.0370123	-0.04067883823234208
3.039013	-0.04074544018814375
3.0410137	-0.04081051804983486
3.0430143	-0.04087407860635478
3.045015	-0.04093612951234658
3.0470157	-0.040996674367315016
3.0490163	-0.04105572829829285
3.051017	-0.041113294084644515
3.0530177	-0.0411693760548884
3.0550183	-0.04122398026895028
3.057019	-0.041277108594927565
3.0590197	-0.041328772560348205
3.0610203	-0.041378977769504444
3.063021	-0.04142771788909042
3.0650217	-0.04147500303417018
3.0670223	-0.04152084254523079
3.069023	-0.041565231045796784
3.0710237	-0.041608180291212854
3.0730243	-0.04164968654528418
3.075025	-0.0416897644338466
3.0770257	-0.04172841910555888
3.0790263	-0.04176564974028065
3.081027	-0.041801468776806926
3.0830277	-0.04183588078058552
3.0850283	-0.04186889361585093
3.087029	-0.04190051907439853
3.0890297	-0.041930755297243584
3.0910303	-0.04195961557065941
3.093031	-0.04198710727590897
3.0950317	-0.0420132328779696
3.0970323	-0.04203800434177739
3.099033	-0.042061422615050074
3.1010337	-0.04208349917975225
3.1030343	-0.042104246511129595
3.105035	-0.04212366306914081
3.1070357	-0.042141761137665476
3.1090363	-0.042158546248094494
3.111037	-0.04217402788671766
3.1130377	-0.04218820943433565
3.1150383	-0.04220109951609093
3.117039	-0.042212706875590665
3.1190397	-0.042223035942959536
3.1210403	-0.04223209611062683
3.123041	-0.042239892823868704
3.1250417	-0.04224643461943471
3.1270423	-0.04225172798873554
3.129043	-0.04225577945370934
3.1310437	-0.04225859670449304
3.1330443	-0.04226018679965627
3.135045	-0.042260556118751604
3.1370457	-0.04225971168153353
3.1390463	-0.04225765786092621
3.141047	-0.04225439941588058
3.1430477	-0.042249942063458175
3.1450483	-0.04224429115808181
3.147049	-0.04223745465055634
3.1490497	-0.042229439611402665
3.1510504	-0.042220252856442556
3.153051	-0.042209903772637704
3.1550517	-0.04219839729039838
3.1570524	-0.04218574062058061
3.159053	-0.042171942046601706
3.1610537	-0.04215700594254343
3.1630544	-0.042140938782958035
3.165055	-0.042123749607614475
3.1670557	-0.042105445898015084
3.1690564	-0.04208602898460973
3.171057	-0.04206550965680007
3.1730577	-0.04204389352799101
3.1750584	-0.04202118517274306
3.177059	-0.041997398815934575
3.1790597	-0.04197253287651727
3.1810604	-0.041946599756835436
3.183061	-0.04191960579475127
3.1850617	-0.04189155404756568
3.1870624	-0.04186245390132909
3.189063	-0.041832308650271814
3.1910637	-0.04180112440899563
3.1930644	-0.041768915402378926
3.195065	-0.041735684683166234
3.1970657	-0.04170143657987596
3.1990664	-0.0416661764689836
3.201067	-0.04162990626414991
3.2030677	-0.041592637128396046
3.2050684	-0.04155437020080578
3.207069	-0.041515110128840974
3.2090697	-0.04147486342806092
3.2110704	-0.04143363492818087
3.213071	-0.04139142850208572
3.2150717	-0.041348246017872875
3.2170724	-0.04130409435560844
3.219073	-0.04125898258239936
3.2210737	-0.04121290741768434
3.2230744	-0.04116587022836392
3.225075	-0.04111787721105391
3.2270757	-0.04106893583814398
3.2290764	-0.04101905636138823
3.231077	-0.04096823294867766
3.2330777	-0.040916476170709835
3.2350784	-0.040863787576638715
3.237079	-0.04081017791941526
3.2390797	-0.04075565366903542
3.2410804	-0.04070021610127303
3.243081	-0.04064388034316079
3.2450817	-0.04058664493667149
3.2470824	-0.04052852860834261
3.249083	-0.04046953354521502
3.2510837	-0.04040966740193182
3.2530844	-0.040348940612500474
3.255085	-0.04028736438550551
3.2570857	-0.040224950111784806
3.2590864	-0.040161701618659916
3.261087	-0.04009763375978343
3.2630877	-0.0400327576070498
3.2650884	-0.03996708081510209
3.267089	-0.03990061345344101
3.2690897	-0.03983336550044054
3.2710904	-0.03976534515750396
3.273091	-0.03969656053490788
3.2750917	-0.03962701664462096
3.2770924	-0.03955672934268955
3.279093	-0.03948569954038069
3.2810937	-0.03941393347987353
3.2830944	-0.03934143772229071
3.285095	-0.03926821768967108
3.2870957	-0.03919427406546489
3.2890964	-0.039119612453964406
3.291097	-0.03904423750263148
3.2930977	-0.0389681518541405
3.2950984	-0.03889135705764543
3.297099	-0.03881386012990241
3.2990997	-0.03873565665126633
3.3011004	-0.03865676088306626
3.303101	-0.038577169271360734
3.3051017	-0.03849688746600539
3.3071024	-0.038415917335097624
3.309103	-0.038334263252719186
3.3111037	-0.03825192936513508
3.3131044	-0.038168919681920245
3.315105	-0.03808523989849361
3.3171057	-0.03800089097168558
3.3191064	-0.037915879508182135
3.321107	-0.03783021033769853
3.3231077	-0.03774388856333016
3.3251084	-0.03765691860472211
3.327109	-0.03756930802539075
3.3291097	-0.03748105955913718
3.3311104	-0.0373921791291971
3.333111	-0.0373026722031727
3.3351117	-0.037212544248666185
3.3371124	-0.03712180118891325
3.339113	-0.03703044894714959
3.3411137	-0.0369384925353439
3.3431144	-0.03684593696546484
3.345115	-0.036752788160748125
3.3471157	-0.03665905204442946
3.3491164	-0.036564733172844
3.351117	-0.036469837924860964
3.3531177	-0.036374372679349586
3.3551184	-0.0362783415370115
3.357119	-0.036181749965448894
3.3591197	-0.036084603432263974
3.3611204	-0.035986910138860004
3.363121	-0.035888674185938635
3.3651217	-0.03578990286363613
3.3671224	-0.03569060163955467
3.369123	-0.035590777348196996
3.3711237	-0.03549043910223342
3.3731244	-0.035389590546732075
3.375125	-0.035288243983797894
3.3771257	-0.03518640078033142
3.3791264	-0.03508406959336944
3.381127	-0.03498126090248284
3.3831277	-0.03487798336470841
3.3851284	-0.034774246092716475
3.387129	-0.03467005318720867
3.3891297	-0.03456542241789212
3.3911304	-0.03446035925236901
3.393131	-0.03435487280330966
3.3951317	-0.034248971727750877
3.3971324	-0.03414266878343109
3.399133	-0.034035967159784936
3.4011337	-0.03392888052581786
3.4031344	-0.033821411615330976
3.405135	-0.03371356999662812
3.4071357	-0.03360536295984553
3.4091364	-0.03349679642821892
3.411137	-0.03338787769188455
3.4131377	-0.033278611307177575
3.4151384	-0.0331690031973337
3.417139	-0.03305905791868808
3.4191397	-0.032948779571942366
3.4211404	-0.0328381722577982
3.423141	-0.03272724007695721
3.4251417	-0.03261598940828863
3.4271424	-0.03250442025179247
3.429143	-0.032392540808872
3.4311437	-0.03228035381332831
3.4331444	-0.032167861543329006
3.435145	-0.03205507220027735
3.4371457	-0.03194198760670741
3.4391464	-0.031828612774587865
3.441147	-0.0317149531715209
3.4431477	-0.031601012898208165
3.4451484	-0.031486797877885365
3.447149	-0.03137231266688765
3.4491497	-0.03125756273281722
3.4511504	-0.031142554454543298
3.4531511	-0.031027292388401035
3.4551517	-0.03091178245762614
3.4571524	-0.03079603058545432
3.4591531	-0.030680043150754795
3.4611537	-0.030563825165496245
3.4631544	-0.030447382552914366
3.4651551	-0.03033072214751191
3.4671557	-0.030213850328158088
3.4691564	-0.030096771651188067
3.4711571	-0.02997949386237161
3.4731577	-0.029862022429310905
3.4751584	-0.02974436509777573
3.4771591	-0.029626527335368275
3.4791597	-0.02950851324279018
3.4811604	-0.02939033147707824
3.4831611	-0.029271990239635753
3.4851617	-0.029153490897363257
3.4871624	-0.02903484484109865
3.4891631	-0.028916054804643036
3.4911637	-0.028797128533766172
3.4931644	-0.0286780728629708
3.4951651	-0.02855889417112615
3.4971657	-0.028439600204001988
3.4991664	-0.028320194606666432
3.5011671	-0.028200691503758483
3.5031677	-0.028081096362880326
3.5051684	-0.027961413740367126
3.5071691	-0.027841649103821073
3.5091697	-0.027721807920844346
3.5111704	-0.027601896570306185
3.5131711	-0.02748192644304447
3.5151717	-0.027361898905959758
3.5171724	-0.027241823071722366
3.5191731	-0.027121706230468542
3.5211737	-0.027001554305433998
3.5231744	-0.0268813750423885
3.5251751	-0.02676117709836886
3.5271757	-0.026640970497312413
3.5291764	-0.026520750227250492
3.5311771	-0.026400534513523723
3.5331777	-0.026280327912467275
3.5351784	-0.02616012996844763
3.5371791	-0.026039960273705965
3.5391797	-0.02591981746134174
3.5411804	-0.02579970608769011
3.5431811	-0.025679638454856
3.5451817	-0.025559632788180055
3.5471824	-0.02543966812852053
3.5491831	-0.025319761334317525
3.5511837	-0.02519992242950838
3.5531844	-0.025080155514794745
3.5551851	-0.024960465146511773
3.5571857	-0.024840857247895178
3.5591864	-0.024721337742180657
3.5611871	-0.024601908907535792
3.5631877	-0.024482577122829807
3.5651884	-0.024363344210596768
3.5671891	-0.024244216094072377
3.5691897	-0.024125195507057728
3.5711904	-0.02400628609462096
3.5731911	-0.023887491501830175
3.5751917	-0.023768813551219462
3.5771924	-0.02365025634349045
3.5791931	-0.023531823523711273
3.5811937	-0.023413516003148956
3.5831944	-0.023295336971238118
3.5851951	-0.023177290528680394
3.5871957	-0.023059376675475786
3.5891964	-0.022941600879226486
3.5911971	-0.022823963139932495
3.5931977	-0.022706468469562483
3.5951984	-0.022589118235017
3.5971991	-0.022471916992631215
3.5991997	-0.022354877500143554
3.6012004	-0.022237979709679327
3.6032011	-0.022121238657144562
3.6052017	-0.02200465707634035
3.6072024	-0.021888245446837554
3.6092031	-0.02177199465596586
3.6112037	-0.0216559142720291
3.6132044	-0.021540007940095397
3.6152051	-0.021424276115798276
3.6172057	-0.021308729278708596
3.6192064	-0.02119336742882636
3.6212071	-0.02107819421121969
3.6232077	-0.02096321554912429
3.6252084	-0.020848432353807202
3.6272091	-0.020733851004137646
3.6292097	-0.02061947514518374
3.6312104	-0.020505306599479557
3.6332111	-0.020391354935328926
3.6352117	-0.020277617418930752
3.6372124	-0.020164103618588867
3.6392131	-0.020050815356837337
3.6412137	-0.019937754456210224
3.6432144	-0.019824926839943233
3.6452151	-0.019712336608738012
3.6472157	-0.01959998649639565
3.6492164	-0.019487881059251307
3.6512171	-0.019376025764907177
3.6532177	-0.01926442152463029
3.6552184	-0.01915307380602284
3.6572191	-0.019041983975985364
3.6592197	-0.018931158869020605
3.6612204	-0.018820601218929662
3.6632211	-0.018710308747544955
3.6652217	-0.01860029466823844
3.6672224	-0.018490547134538713
3.6692231	-0.01838108938375507
3.6712237	-0.018271915037018298
3.6732244	-0.018163027739396525
3.6752251	-0.01805443113595787
3.6772257	-0.017946127049236402
3.6792264	-0.01783811821303322
3.6812271	-0.017730408728049957
3.6832277	-0.017622999961187165
3.6852284	-0.017515886900476174
3.6872291	-0.017409089593791678
3.6892297	-0.01730260439606555
3.6912304	-0.01719642948476373
3.6932311	-0.01709057488382356
3.6952317	-0.01698503831507747
3.6972324	-0.016879822967960062
3.6992331	-0.01677493112063892
3.7012337	-0.016670364140014587
3.7032344	-0.016566128404956294
3.7052351	-0.01646222619363161
3.7072357	-0.01635865750604055
3.7092364	-0.016255425075984188
3.7112371	-0.016152532092897156
3.7132377	-0.016049982201847567
3.7152384	-0.015947777225369487
3.7172391	-0.0158459194416305
3.7192397	-0.015744405205562476
3.7212404	-0.015643249097437924
3.7232411	-0.015542443827120587
3.7252417	-0.0154419989629143
3.7272424	-0.015341910404117426
3.7292431	-0.015242184073965659
3.7312437	-0.015142821339359555
3.7332444	-0.015043822655932633
3.7352451	-0.014945193035653559
3.7372457	-0.01484693202288882
3.7392464	-0.014749042351439513
3.7412471	-0.014651524932572673
3.7432477	-0.014554382500089386
3.7452484	-0.014457617787790755
3.7472491	-0.014361229428776228
3.7492497	-0.014265220156846906
3.7512504	-0.01416959316143739
3.7532511	-0.014074345708746596
3.7552518	-0.013979484177643739
3.7572524	-0.013885005834327726
3.7592531	-0.013790913868233164
3.7612538	-0.013697209646260608
3.7632544	-0.013603891801509508
3.7652551	-0.013510963067780954
3.7672558	-0.01341842390070847
3.7692564	-0.013326275667192595
3.7712571	-0.013234517911599821
3.7732578	-0.013143151545197174
3.7752584	-0.01305217884615224
3.7772591	-0.012961598447564462
3.7792598	-0.012871412627601428
3.7812604	-0.012781620019362587
3.7832611	-0.012692222901015517
3.7852618	-0.012603221272560219
3.7872624	-0.012514614678363173
3.7892631	-0.012426404029691421
3.7912638	-0.01233859114907902
3.7932644	-0.012251174669625421
3.7952651	-0.012164157780765234
3.7972658	-0.012077539571231435
3.7992664	-0.011991320952291048
3.8012671	-0.011905504202111656
3.8032678	-0.01182009068759381
3.8052684	-0.011735080408737499
3.8072691	-0.011650476099343828
3.8092698	-0.011566279581946861
3.8112704	-0.011482492679080653
3.8132711	-0.011399118580179822
3.8152718	-0.011316158652144914
3.8172724	-0.011233616540044053
3.8192731	-0.011151494522044824
3.8212738	-0.011069795787581833
3.8232744	-0.010988524892990244
3.8252751	-0.010907683205170595
3.8272758	-0.010827277102992118
3.8292764	-0.010747305219554266
3.8312771	-0.010667771199925156
3.8332778	-0.010588680967340502
3.8352784	-0.01051003907813546
3.8372791	-0.010431838242173778
3.8392798	-0.010354085749591709
3.8412804	-0.010276782967289797
3.8432811	-0.010199931262168593
3.8452818	-0.010123531089861616
3.8472824	-0.01004758245036886
3.8492831	-0.009972085343690328
3.8512838	-0.009897039769826022
3.8532844	-0.009822444817508907
3.8552851	-0.009748299575471952
3.8572858	-0.009674602221181092
3.8592864	-0.009601352299002818
3.8612871	-0.009528547530769538
3.8632878	-0.009456186093947203
3.8652884	-0.009384272089237445
3.8672891	-0.009312794125802371
3.8692898	-0.009241753570542532
3.8712904	-0.009171149967824404
3.8732911	-0.009100981039480418
3.8752918	-0.009031245418610017
3.8772924	-0.008961942649579693
3.8792931	-0.008893069542954829
3.8812938	-0.008824625643101911
3.8832944	-0.008756609583120389
3.8852951	-0.008689020451743237
3.8872958	-0.008621855970802873
3.8892964	-0.008555116140299298
3.8912971	-0.008488799593331958
3.8932978	-0.0084229045073668
3.8952984	-0.008357431793670848
3.8972991	-0.008292378718443008
3.8992998	-0.008227744826049764
3.9013004	-0.00816353011649112
3.9033011	-0.00809973140033246
3.9053018	-0.008036352778275432
3.9073024	-0.007973390605251904
3.9093031	-0.007910844425628361
3.9113038	-0.007848713783771291
3.9133044	-0.007786998224047174
3.9153051	-0.007725695923921945
3.9173058	-0.007664808250296158
3.9193064	-0.007604332469368714
3.9213071	-0.0075442699480401595
3.9233078	-0.007484620230676982
3.9253084	-0.007425380583478085
3.9273091	-0.007366552373344011
3.9293098	-0.007308134233374221
3.9313104	-0.007250127074835742
3.9333111	-0.007192528163927479
3.9353118	-0.007135337956282947
3.9373124	-0.007078555540635116
3.9393131	-0.0070221809169839855
3.9413138	-0.006966213629696039
3.9433144	-0.00691065231187073
3.9453151	-0.006855496052241029
3.9473158	-0.006800744850806929
3.9493164	-0.006746397796301407
3.9513171	-0.006692453066190393
3.9533178	-0.006638910204840373
3.9553184	-0.006585767845350798
3.9573191	-0.006533024620821126
3.9593198	-0.006480679164350802
3.9613204	-0.006428729197772254
3.9633211	-0.006377173354184928
3.9653218	-0.006326008444154214
3.9673224	-0.006275234012046597
3.9693231	-0.006224847324060988
3.9713238	-0.0061748442794957335
3.9733244	-0.006125223511450291
3.9753251	-0.00607598091922302
3.9773258	-0.00602711422464634
3.9793264	-0.005978620238285635
3.9813271	-0.005930495315072782
3.9833278	-0.005882735809939656
3.9853284	-0.00583533898908516
3.9873291	-0.005788299840540621
3.9893298	-0.005741617908672519
3.9913304	-0.005695288181512182
3.9933311	-0.005649307469624994
3.9953318	-0.005603672583576354
3.9973324	-0.00555837987829813
3.9993331	-0.005513429353790321
4.0013338	-0.005468813719916675
4.0033344	-0.005424532976677186
4.0053351	-0.005380583934637251
4.0073358	-0.005336963859995774
4.0093364	-0.005293670930218688
4.0113371	-0.005250702411504896
4.0133378	-0.00520805557005331
4.0153384	-0.005165730861497439
4.0173391	-0.0051237209957010295
4.0193398	-0.00508203007336573
4.0213404	-0.005040653082522863
4.0233411	-0.004999588200638362
4.0253418	-0.004958834516445198
4.0273424	-0.004918390663042827
4.0293431	-0.004878254817897176
4.0313438	-0.004838424247207159
4.0333444	-0.0047988989509727695
4.0353451	-0.00475967801792698
4.0373458	-0.004720760081169246
4.0393464	-0.0046821433181655
4.0413471	-0.004643826362015187
4.0433478	-0.0046058060232837105
4.0453484	-0.004568085491405667
4.0473491	-0.004530658387511847
4.0493498	-0.004493528812303888
4.0513505	-0.004456691298179599
4.0533511	-0.004420147667673037
4.0553518	-0.004383895186983118
4.0573525	-0.004347935223010388
4.0593531	-0.004312264130686714
4.0613538	-0.0042768809987450696
4.0633545	-0.004241783093384363
4.0653551	-0.004206973148405678
4.0673558	-0.0041724479743744085
4.0693565	-0.004138206660023523
4.0713571	-0.004104248749719508
4.0733578	-0.004070571965294784
4.0753585	-0.004037176306749349
4.0773591	-0.004004059495915625
4.0793598	-0.003971221988427125
4.0813605	-0.003938661050482756
4.0833611	-0.003906376682082526
4.0853618	-0.0038743666050588396
4.0873625	-0.0038426294525111576
4.0893631	-0.003811164313172447
4.0913638	-0.0037799707314091946
4.0933645	-0.0037490477959543677
4.0953651	-0.0037183918617398402
4.0973658	-0.0036880024731320905
4.0993665	-0.0036578791744976066
4.1013671	-0.0036280201433023292
4.1033678	-0.0035984235570121915
4.1053685	-0.0035690885043601597
4.1073691	-0.0035400136184456873
4.1093698	-0.003511196621101195
4.1113705	-0.003482635689792616
4.1133711	-0.0034543308245199573
4.1153718	-0.003426278835848607
4.1173725	-0.0033984779012444966
4.1193731	-0.003370928020707627
4.1213738	-0.0033436264604369058
4.1233745	-0.0033165718535317864
4.1253751	-0.003289762833091714
4.1273758	-0.0032631971209491177
4.1293765	-0.0032368738058369635
4.1313771	-0.0032107906095876723
4.1333778	-0.0031849502660023354
4.1353785	-0.0031593422955100885
4.1373791	-0.0031339680650114853
4.1393798	-0.0031088293970405853
4.1413805	-0.003083923557796287
4.1433811	-0.0030592500916450873
4.1453818	-0.0030348035309847835
4.1473825	-0.0030105847870824176
4.1493831	-0.0029865915817704025
4.1513838	-0.002962822548148191
4.1533845	-0.0029392767749487577
4.1553851	-0.0029159524396380363
4.1573858	-0.0028928481753154804
4.1593865	-0.002869962159447022
4.1613871	-0.0028472939363991495
4.1633878	-0.002824840772370762
4.1653885	-0.0028026022117283544
4.1673891	-0.0027805768875713644
4.1693898	-0.0027587629773657414
4.1713905	-0.0027371595698444436
4.1733911	-0.0027157643868398994
4.1753918	-0.002694577428352109
4.1773925	-0.002673596871847005
4.1793931	-0.0026528208947905287
4.1813938	-0.002632248585915638
4.1833945	-0.002611878578321795
4.1853951	-0.0025917095051084453
4.1873958	-0.0025717427331761436
4.1893965	-0.0025519727949226967
4.1913971	-0.0025323987790810704
4.1933978	-0.0025130211412847867
4.1953985	-0.0024938376033662563
4.1973991	-0.002474847254058463
4.1993998	-0.0024560496377278693
4.2014005	-0.0024374415649398864
4.2034011	-0.0024190234913280106
4.2054018	-0.0024007926830911658
4.2074025	-0.0023827491402293355
4.2094031	-0.0023648901289414275
4.2114038	-0.0023472147379604244
4.2134045	-0.0023297216003857553
4.2154051	-0.002312409804950411
4.2174058	-0.0022952779847538298
4.2194065	-0.0022783238616284397
4.2214071	-0.0022615465243071985
4.2234078	-0.002244944605889577
4.2254085	-0.0022285162838414905
4.2274091	-0.002212261102529436
4.2294098	-0.002196176783785833
4.2314105	-0.0021802619607101353
4.2334111	-0.002164516177668822
4.2354118	-0.0021489367008607927
4.2374125	-0.0021335235302860633
4.2394131	-0.0021182743877770464
4.2414138	-0.0021031888177002207
4.2434145	-0.002088264086254494
4.2454151	-0.002073500649073395
4.2474158	-0.002058897139256353
4.2494165	-0.002044451278635805
4.2514171	-0.0020301612446776834
4.2534178	-0.0020160274930155096
4.2554185	-0.002002047289848174
4.2574191	-0.0019882206351756935
4.2594198	-0.001974547073364539
4.2614205	-0.0019610243262471387
4.2634211	-0.0019476505712894257
4.2654218	-0.0019344280866589799
4.2674225	-0.0019213514047536075
4.2694231	-0.0019084223481073766
4.2714238	-0.0018956386385527149
4.2734245	-0.0018829993648225808
4.2754251	-0.0018705031600164197
4.2774258	-0.0018581500241342485
4.2794265	-0.0018459385902755124
4.2814271	-0.001833867491539657
4.2834278	-0.001821935816659665
4.2854285	-0.0018101431100020077
4.2874291	-0.0017984880046661468
4.2894298	-0.001786968222484486
4.2914305	-0.0017755837634570505
4.2934311	-0.001764332805049756
4.2954318	-0.0017532148916290984
4.2974325	-0.0017422282006610106
4.2994331	-0.0017313718208784592
4.3014338	-0.0017206439297473848
4.3034345	-0.0017100431603672334
4.3054351	-0.0016995686014709794
4.3074358	-0.0016892179748910433
4.3094365	-0.001678990369360383
4.3114371	-0.0016688835067114353
4.3134378	-0.0016588973869441836
4.3154385	-0.0016490274537234852
4.3174391	-0.0016392732514158188
4.3194398	-0.0016296325018535964
4.3214405	-0.001620104293769801
4.3234411	-0.0016106863489968363
4.3254418	-0.0016013768450006518
4.3274425	-0.00159217395924718
4.3294431	-0.001583076324835875
4.3314438	-0.001574081663599157
4.3334445	-0.0015651886086364714
4.3354451	-0.0015563962486807928
4.3374458	-0.0015477027611980625
4.3394465	-0.0015391063236542134
4.3414471	-0.0015306064804157245
4.3434478	-0.0015222014089485284
4.3454485	-0.0015138906536191292
4.3474491	-0.0015056728475269562
4.3494498	-0.001497548901939059
4.3514505	-0.0014895147161537827
4.3534512	-0.0014815721127052026
4.3554518	-0.001473719269059243
4.3574525	-0.0014659552739488793
4.3594532	-0.0014582792161070691
4.3614538	-0.0014506915511673499
4.3634545	-0.0014431913678626719
4.3654552	-0.001435778210559522
4.3674558	-0.0014284516236243879
4.3694565	-0.001421211151423757
4.3714572	-0.0014140554270570744
4.3734578	-0.0014069849061578532
4.3754585	-0.001399998677459076
4.3774592	-0.0013930962853272138
4.3794598	-0.0013862768184952413
4.3814605	-0.001379540732596671
4.3834612	-0.0013728871163644699
4.3854618	-0.0013663150585316117
4.3874625	-0.0013598245590980892
4.3894632	-0.0013534147067968845
4.3914638	-0.0013470850459944687
4.3934645	-0.001340835576690842
4.3954652	-0.0013346658432524918
4.3974658	-0.0013285749344123922
4.3994665	-0.0013225628501705273
4.4014672	-0.0013166286792598882
4.4034678	-0.0013107724216804499
4.4054685	-0.0013049936217987162
4.4074692	-0.0012992918239811664
4.4094698	-0.0012936670282277924
4.4114705	-0.0012881187789050895
4.4134712	-0.0012826470760130414
4.4154718	-0.001277251008284639
4.4174725	-0.001271930575719866
4.4194732	-0.0012666857783187224
4.4214738	-0.0012615161604477038
4.4234745	-0.0012564212664732894
4.4254752	-0.0012514010963954705
4.4274758	-0.0012464547389472223
4.4294765	-0.0012415821941285446
4.4314772	-0.0012367825506724036
4.4334778	-0.0012320553529452953
4.4354785	-0.001227398778413136
4.4374792	-0.0012228119158089084
4.4394798	-0.001218293398232058
4.4414805	-0.0012138409475150134
4.4434812	-0.0012094522854901868
4.4454818	-0.0012051251339900062
4.4474825	-0.0012008563035798502
4.4494832	-0.0011966426048251138
4.4514838	-0.0011924813039247042
4.4534845	-0.0011883692114440167
4.4554852	-0.0011843035935819339
4.4574858	-0.0011802826278044132
4.4594865	-0.001176302669043321
4.4614872	-0.001172364172932169
4.4634878	-0.0011684648613033864
4.4654885	-0.0011646047341569647
4.4674892	-0.0011607828802258787
4.4694898	-0.0011569988438766073
4.4714905	-0.0011532526251091507
4.4734912	-0.001149545135190542
4.4754918	-0.0011458763741207902
4.4774925	-0.0011422463418998782
4.4794932	-0.0011386554941613355
4.4814938	-0.0011351038309051536
4.4834945	-0.0011315922633983744
4.4854952	-0.0011281203360074688
4.4874958	-0.001124688504365966
4.4894965	-0.0011212972241073703
4.4914972	-0.0011179464952316902
4.4934978	-0.0011146358621054043
4.4954985	-0.0011113657803620257
4.4974992	-0.0011081357943680497
4.4994998	-0.0011049468153905017
4.5015005	-0.0011017974765288275
4.5035012	-0.0010986877777830434
4.5055018	-0.0010956181747866453
4.5075025	-0.0010925877562726247
4.5095032	-0.0010895965222409568
4.5115038	-0.001086644472691658
4.5135045	-0.0010837306963576948
4.5155052	-0.001080855193239059
4.5175058	-0.0010780175077022463
4.5195065	-0.0010752171841137271
4.5215072	-0.0010724542224735101
4.5235078	-0.0010697272558810487
4.5255085	-0.0010670371956033769
4.5275092	-0.001064382219106419
4.5295098	-0.0010617627820237042
4.5315105	-0.0010591779730881909
4.5335112	-0.001056627792299887
4.5355118	-0.0010541108727582466
4.5375125	-0.00105162675882974
4.5395132	-0.0010491749948808636
4.5415138	-0.001046755125278096
4.5435145	-0.0010443657831208908
4.5455152	-0.001042006057142215
4.5475158	-0.0010396750360750428
4.5495165	-0.0010373718086523409
4.5515172	-0.0010350945523400418
4.5535178	-0.0010328423558711125
4.5555185	-0.0010306138523450063
4.5575192	-0.001028406307960631
4.5595198	-0.0010262192670844738
4.5615205	-0.001024049995915434
4.5635212	-0.0010218971275529655
4.5655218	-0.001019758839463001
4.5675225	-0.0010176337647450026
4.5695232	-0.0010155214477654494
4.5715238	-0.001013420521623787
4.5735245	-0.0010113323532205697
4.5755252	-0.0010092578538228314
4.5775258	-0.001007197934697597
4.5795265	-0.0010051553296459674
4.5815272	-0.0010031332281025477
4.5835278	-0.001001135730768993
4.5855285	-0.0009991646601793542
4.5875292	-0.0009972250283023115
4.5895298	-0.0009953195689389575
4.5915305	-0.0009934510158903845
4.5935312	-0.0009916216473241808
4.5955318	-0.000989833741407926
4.5975325	-0.0009880882094086374
4.5995332	-0.0009863850513263312
4.6015338	-0.0009847238115274783
4.6035345	-0.0009831044900120954
4.6055352	-0.0009815252642460985
4.6075358	-0.000979985222962471
4.6095365	-0.0009784820879936245
4.6115372	-0.000977014948072534
4.6135378	-0.0009755819806651401
4.6155385	-0.0009741809076038471
4.6175392	-0.0009728117288886711
4.6195398	-0.0009714721663520242
4.6215405	-0.0009701617643603854
4.6235412	-0.0009688787003797042
4.6255418	-0.0009676225187764679
4.6275425	-0.000966392763917139
4.6295432	-0.0009651880689011879
4.6315438	-0.0009640084337286145
4.6335445	-0.000962852947132377
4.6355452	-0.0009617216091124754
4.6375458	-0.0009606135084018928
4.6395465	-0.0009595281893670998
4.6415472	-0.0009584656520080965
4.6435478	-0.0009574249850578576
4.6455485	-0.0009564061885163747
4.6475492	-0.0009554092623836645
4.6495498	-0.000954433295392677
4.6515505	-0.0009534778319099075
4.6535512	-0.0009525433275688606
4.6555519	-0.0009516293267360318
4.6575525	-0.0009507349181443877
4.6595532	-0.0009498605574274408
4.6615539	-0.0009490057889516785
4.6635545	-0.0009481701570835798
4.6655552	-0.0009473532061896238
4.6675559	-0.0009465549362698272
4.6695565	-0.0009457748916906689
4.6715572	-0.0009450135280856534
4.6735579	-0.0009442694785542426
4.6755585	-0.0009435431987299494
4.6775592	-0.0009428342329792609
4.6795599	-0.0009421425813021772
4.6815605	-0.0009414673324316647
4.6835612	-0.0009408093976347487
4.6855619	-0.0009401674100108996
4.6875625	-0.0009395418251936134
4.6895632	-0.0009389326431828985
4.6915639	-0.0009383394083452421
4.6935645	-0.000937762120680636
4.6955652	-0.0009372012358226094
4.6975659	-0.0009366558425041123
4.6995665	-0.0009361268519921945
4.7015672	-0.0009356147199203606
4.7035679	-0.0009351185350215771
4.7055685	-0.0009346396641964067
4.7075692	-0.0009341785630783453
4.7095699	-0.0009337352316674097
4.7115705	-0.0009333110368641378
4.7135712	-0.0009329059786685295
4.7155719	-0.0009325205127141058
4.7175725	-0.0009321550946343876
4.7195732	-0.0009318101800628711
4.7215739	-0.00093148531336606
4.7235745	-0.0009311795832769126
4.7255752	-0.0009308925341619163
4.7275759	-0.0009306223434870121
4.7295765	-0.000930366733084612
4.7315772	-0.0009301243360541697
4.7335779	-0.0009298919629610718
4.7355785	-0.0009296677912712679
4.7375792	-0.0009294499984506825
4.7395799	-0.0009292358506982313
4.7415805	-0.0009290248923803853
4.7435812	-0.0009288153009630854
4.7455819	-0.0009286066208128191
4.7475825	-0.0009283983962960655
4.7495832	-0.0009281910830463455
4.7515839	-0.000927984681063659
4.7535845	-0.0009277796459815187
4.7555852	-0.0009275764334334457
4.7575859	-0.0009273759546864567
4.7595865	-0.0009271777541070558
4.7615872	-0.0009269836542293018
4.7635879	-0.0009267931994196658
4.7655885	-0.0009266068453116765
4.7675892	-0.0009264255031723595
4.7695899	-0.0009262487173682104
4.7715905	-0.0009260773991662378
4.7735912	-0.0009259115485664667
4.7755919	-0.0009257511655688806
4.7775925	-0.0009255957945399666
4.7795932	-0.0009254468023802794
4.7815939	-0.0009253028221892644
4.7835945	-0.0009251647652339636
4.7855952	-0.0009250326315143602
4.7875959	-0.0009249055097634291
4.7895965	-0.0009247843112482121
4.7915972	-0.0009246681247016674
4.7935979	-0.0009245574057573075
4.7955985	-0.0009244516987816281
4.7975992	-0.000924351459408142
4.7995999	-0.0009242562320033197
4.8016005	-0.000924166016567178
4.8036012	-0.0009240803574661958
4.8056019	-0.0009239992547003733
4.8076025	-0.000923923163903223
4.8096032	-0.0009238511738077197
4.8116039	-0.0009237837400473676
4.8136045	-0.0009237204069886626
4.8156052	-0.0009236611746316044
4.8176059	-0.000923606042976185
4.8196065	-0.0009235545563888915
4.8216072	-0.0009235062592362032
4.8236079	-0.00092346206278517
4.8256085	-0.000923421055768742
4.8276092	-0.000923383238186919
4.8296099	-0.0009233481544061968
4.8316105	-0.0009233162600600879
4.8336112	-0.0009232866438815588
4.8356119	-0.0009232597615041222
4.8376125	-0.0009232347016607527
4.8396132	-0.0009232110087179212
4.8416139	-0.0009231895939426777
4.8436145	-0.0009231686348009469
4.8456152	-0.0009231490425597707
4.8476159	-0.000923129450318586
4.8496165	-0.0009231098580774014
4.8516172	-0.0009230898102027042
4.8536179	-0.0009230683954274607
4.8556185	-0.0009230456137516627
4.8576192	-0.0009230205539082932
4.8596199	-0.0009229927602638231
4.8616205	-0.0009229613215512269
4.8636212	-0.000922925782136992
4.8656219	-0.0009228861420211102
4.8676225	-0.000922841489936556
4.8696232	-0.0009227918258833298
4.8716239	-0.0009227366942279104
4.8736245	-0.0009226765506038103
4.8756252	-0.0009226123062780799
4.8776259	-0.0009225439612506943
4.8796265	-0.0009224724267887036
4.8816272	-0.0009223999810596793
4.8836279	-0.0009223270796971425
4.8856285	-0.0009222555452351517
4.8876292	-0.0009221872002077744
4.8896299	-0.0009221229558820358
4.8916305	-0.0009220637235249693
4.8936312	-0.0009220108700371297
4.8956319	-0.0009219643954185168
4.8976325	-0.0009219252109361475
4.8996332	-0.0009218924053230051
4.9016339	-0.0009218668898461147
4.9036345	-0.000921847753238451
4.9056352	-0.0009218349955000058
4.9076359	-0.0009218277053637538
4.9096365	-0.0009218258828296867
4.9116372	-0.0009218290722643
4.9136379	-0.000921836362400552
4.9156385	-0.000921847753238451
4.9176392	-0.0009218623335109634
4.9196399	-0.0009218801032180808
4.9216405	-0.0009219010623598117
4.9236412	-0.0009219247553026349
4.9256419	-0.0009219511820465505
4.9276425	-0.0009219794313245417
4.9296432	-0.000922010414403617
4.9316439	-0.0009220427643832468
4.9336445	-0.0009220778481639607
4.9356452	-0.0009221142988452375
4.9376459	-0.0009221530276940857
4.9396465	-0.0009221935790769929
4.9416472	-0.0009222354973604545
4.9436479	-0.000922279238177975
4.9456485	-0.0009223248015295626
4.9476492	-0.0009223721874152174
4.9496499	-0.0009224213958349311
4.9516506	-0.0009224724267887036
4.9536512	-0.0009225252802765433
4.9556519	-0.0009225795006649374
4.9576526	-0.0009226359992209032
4.9596532	-0.000922694320310936
4.9616539	-0.0009227544639350278
4.9636546	-0.0009228168857266993
4.9656552	-0.000922881130052438
4.9676559	-0.0009229471969122355
4.9696566	-0.0009230159975731337
4.9716572	-0.0009230870764016118
4.9736579	-0.0009231599777641486
4.9756586	-0.0009232360685612989
4.9776592	-0.000923314437526029
4.9796599	-0.0009233959959253642
4.9816606	-0.0009234802881258001
4.9836612	-0.0009235682253943621
4.9856619	-0.0009236593520975373
4.9876626	-0.0009237541238688386
4.9896632	-0.0009238529963417786
4.9916639	-0.0009239559695163655
4.9936646	-0.000924063499026112
4.9956652	-0.0009241751292374972
4.9976659	-0.0009242922270510755
4.9996666	-0.0009244143368333261
5.0016672	-0.0009245423698512907
5.0036679	-0.000924675870471432
5.0056686	-0.0009248157499608084
5.0076692	-0.0009249615526858822
5.0096699	-0.0009251137342801827
5.0116706	-0.0009252718391101892
5.0136712	-0.0009254354115423888
5.0156719	-0.0009256049072102859
5.0176726	-0.0009257789592133507
5.0196732	-0.0009259571119180544
5.0216739	-0.0009261384540573631
5.0236746	-0.0009263225299977808
5.0256752	-0.0009265079728387365
5.0276759	-0.0009266934156796922
5.0296766	-0.0009268788585206478
5.0316772	-0.000927062023194032
5.0336779	-0.000927242909699828
5.0356786	-0.0009274196955039854
5.0376792	-0.0009275919249729833
5.0396799	-0.0009277586868397879
5.0416806	-0.0009279190698373741
5.0436812	-0.0009280726183322209
5.0456819	-0.0009282188766908156
5.0476826	-0.0009283573892796375
5.0496832	-0.0009284881560986946
5.0516839	-0.0009286111771479788
5.0536846	-0.0009287255411604563
5.0556852	-0.0009288321594031693
5.0576859	-0.0009289310318761092
5.0596866	-0.0009290226142128055
5.0616872	-0.0009291064507797205
5.0636879	-0.0009291834528439043
5.0656886	-0.0009292536204053487
5.0676892	-0.0009293178647310874
5.0696899	-0.0009293757301875994
5.0716906	-0.0009294276724084055
5.0736912	-0.0009294741470270266
5.0756919	-0.0009295151540434548
5.0776926	-0.0009295511490912105
5.0796932	-0.0009295825878037985
5.0816939	-0.0009296090145477225
5.0836946	-0.0009296308849564869
5.0856952	-0.0009296486546636043
5.0876959	-0.0009296618680355622
5.0896966	-0.000929671436339394
5.0916972	-0.0009296764483080745
5.0936979	-0.0009296778152086207
5.0956986	-0.0009296755370410409
5.0976992	-0.0009296696138053351
5.0996999	-0.0009296600455015033
5.1017006	-0.0009296468321295372
5.1037012	-0.0009296304293229659
5.1057019	-0.0009296103814482687
5.1077026	-0.000929587599772479
5.1097032	-0.000929561173028555
5.1117039	-0.0009295320124835386
5.1137046	-0.000929499662503917
5.1157052	-0.0009294645787231949
5.1177059	-0.0009294267611413718
5.1197066	-0.0009293862097584648
5.1217072	-0.0009293433802079696
5.1237079	-0.000929297816856382
5.1257086	-0.0009292499753372227
5.1277092	-0.0009292003112839882
5.1297099	-0.0009291483690631821
5.1317106	-0.0009290946043083088
5.1337112	-0.0009290394726528894
5.1357119	-0.0009289825184634027
5.1377126	-0.0009289246530068908
5.1397132	-0.0009288649650163117
5.1417139	-0.0009288048213922201
5.1437146	-0.0009287433108675738
5.1457152	-0.0009286818003429359
5.1477159	-0.0009286193785512561
5.1497166	-0.0009285565011260719
5.1517172	-0.0009284931680673668
5.1537179	-0.0009284293793751408
5.1557186	-0.0009283651350494105
5.1577192	-0.0009282999794566382
5.1597199	-0.0009282348238638659
5.1617206	-0.0009281683013705558
5.1637212	-0.0009281004119766911
5.1657219	-0.0009280311556822802
5.1677226	-0.0009279600768538022
5.1697232	-0.0009278867198577443
5.1717239	-0.000927811084694115
5.1737246	-0.0009277318044623513
5.1757252	-0.0009276493347959825
5.1777259	-0.0009275627644279668
5.1797266	-0.0009274720933583124
5.1817272	-0.0009273764103199776
5.1837279	-0.0009272752596794578
5.1857286	-0.0009271690970702576
5.1877292	-0.0009270570112253515
5.1897299	-0.0009269385465112269
5.1917306	-0.0009268141585613965
5.1937312	-0.0009266829361088268
5.1957319	-0.0009265453347870386
5.1977326	-0.0009264008989625026
5.1997332	-0.0009262500842687566
5.2017339	-0.0009260924350722628
5.2037346	-0.0009259284070065507
5.2057352	-0.000925757544438099
5.2077359	-0.0009255812142674626
5.2097366	-0.0009253980495940867
5.2117372	-0.0009252094173185176
5.2137379	-0.0009250153174407555
5.2157386	-0.0009248157499608084
5.2177392	-0.0009246111705121808
5.2197399	-0.0009244015790948809
5.2217406	-0.0009241874313424297
5.2237412	-0.0009239691828883234
5.2257419	-0.0009237463780990656
5.2277426	-0.0009235203838751946
5.2297432	-0.0009232907445831975
5.2317439	-0.0009230579158565953
5.2337446	-0.0009228218976953715
5.2357452	-0.0009225831457330635
5.2377459	-0.0009223421156031675
5.2397466	-0.0009220988073056916
5.2417472	-0.0009218536764741568
5.2437479	-0.000921606723108555
5.2457486	-0.0009213579472088943
5.2477492	-0.0009211082600421999
5.2497499	-0.0009208567503414467
5.2517506	-0.0009206043293736516
5.2537513	-0.0009203505415053187
5.2557519	-0.0009200953867364312
5.2577526	-0.0009198393207005101
5.2597533	-0.0009195814321305302
5.2617539	-0.0009193226322935167
5.2637546	-0.000919062465555957
5.2657553	-0.0009188004762843384
5.2677559	-0.0009185366644786526
5.2697566	-0.0009182710301388996
5.2717573	-0.0009180035732650879
5.2737579	-0.0009177338382236964
5.2757586	-0.0009174622806482377
5.2777593	-0.0009171889005387201
5.2797599	-0.0009169127866281017
5.2817606	-0.0009166348501834246
5.2837613	-0.0009163541799376467
5.2857619	-0.0009160716871578099
5.2877626	-0.000915786004943368
5.2897633	-0.0009154980445613382
5.2917639	-0.0009152078060117284
5.2937646	-0.0009149143780275136
5.2957653	-0.000914618216242198
5.2977659	-0.0009143188650222775
5.2997666	-0.0009140167800012561
5.3017673	-0.0009137110499121087
5.3037679	-0.0009134025860218688
5.3057686	-0.0009130909326970156
5.3077693	-0.0009127756343040365
5.3097699	-0.0009124571464764439
5.3117706	-0.0009121350135807253
5.3137713	-0.0009118096912504016
5.3157719	-0.0009114807238519437
5.3177726	-0.0009111485670188723
5.3197733	-0.0009108132207511959
5.3217739	-0.0009104742294153934
5.3237746	-0.0009101315930114649
5.3257753	-0.0009097862228064357
5.3277759	-0.000909438118800314
5.3297766	-0.0009090863697260664
5.3317773	-0.0009087323424842389
5.3337779	-0.0009083755814413107
5.3357786	-0.0009080160865972901
5.3377793	-0.0009076547692192106
5.3397799	-0.0009072907180400304
5.3417806	-0.0009069252999603122
5.3437813	-0.000906557603713006
5.3457819	-0.0009061880849316326
5.3477826	-0.0009058162879826877
5.3497833	-0.000905442212866163
5.3517839	-0.0009050667708490921
5.3537846	-0.0009046885950309204
5.3557853	-0.0009043090523122026
5.3577859	-0.0009039272314259049
5.3597866	-0.0009035431323720357
5.3617873	-0.000903157666417612
5.3637879	-0.0009027694666620877
5.3657886	-0.0009023794443725127
5.3677893	-0.0009019875995488622
5.3697899	-0.0009015934765576403
5.3717906	-0.0009011970753988385
5.3737913	-0.0009007988517059697
5.3757919	-0.0009003978942120083
5.3777926	-0.0008999951141839799
5.3797933	-0.0008995900559883716
5.3817939	-0.0008991822639916709
5.3837946	-0.0008987721938273904
5.3857953	-0.0008983598454955383
5.3877959	-0.0008979447633625773
5.3897966	-0.0008975274030620447
5.3917973	-0.0008971068533268989
5.3937979	-0.0008966840254241814
5.3957986	-0.0008962580080868423
5.3977993	-0.0008958292569484108
5.3997999	-0.0008953977720088869
5.4018006	-0.0008949626420012368
5.4038013	-0.0008945247781924861
5.4058019	-0.0008940837249491303
5.4078026	-0.0008936390266376402
5.4098033	-0.0008931911388915451
5.4118039	-0.0008927396060773238
5.4138046	-0.0008922848838284893
5.4158053	-0.0008918265165115286
5.4178059	-0.0008913654153934673
5.4198066	-0.00089090066920728
5.4218073	-0.0008904327335864876
5.4238079	-0.0008899616085310817
5.4258086	-0.0008894872940410626
5.4278093	-0.000889010245749951
5.4298099	-0.0008885300080242343
5.4318106	-0.0008880474921309295
5.4338113	-0.0008875617868030113
5.4358119	-0.0008870738033075217
5.4378126	-0.0008865826303774186
5.4398133	-0.0008860896349132484
5.4418139	-0.0008855939056479858
5.4438146	-0.0008850963538486643
5.4458153	-0.0008845960682482421
5.4478159	-0.0008840939601137527
5.4498166	-0.0008835900294452045
5.4518173	-0.0008830838206090765
5.4538179	-0.0008825757892388895
5.4558186	-0.0008820663909681481
5.4578193	-0.0008815547145298269
5.4598199	-0.0008810416711909678
5.4618206	-0.0008805268053180331
5.4638213	-0.0008800101169110397
5.4658219	-0.0008794920616035
5.4678226	-0.0008789717281283806
5.4698233	-0.000878450027752715
5.4718239	-0.0008779265048429821
5.4738246	-0.0008774011593991904
5.4758253	-0.0008768735357878189
5.4778259	-0.0008763440896423803
5.4798266	-0.0008758123653293618
5.4818273	-0.0008752788184822845
5.4838279	-0.0008747425378341064
5.4858286	-0.0008742035233848443
5.4878293	-0.000873662230767994
5.4898299	-0.0008731177487165304
5.4918306	-0.0008725705328639742
5.4938313	-0.0008720201275768048
5.4958319	-0.0008714665328550303
5.4978326	-0.0008709097486986424
5.4998333	-0.0008703493194741284
5.5018339	-0.0008697857008150011
5.5038346	-0.0008692184370877478
5.5058353	-0.0008686475282923601
5.5078359	-0.0008680729744288548
5.5098366	-0.0008674943198637025
5.5118373	-0.0008669124758639451
5.5138379	-0.0008663269867960533
5.5158386	-0.0008657378526600439
5.5178393	-0.0008651446178223793
5.5198399	-0.0008645481935501096
5.5218406	-0.0008639476685762011
5.5238413	-0.0008633439541676794
5.5258419	-0.0008627365946910316
5.5278426	-0.0008621260457797703
5.5298433	-0.0008615118518003748
5.5318439	-0.0008608944683863826
5.5338446	-0.000860273439904256
5.5358453	-0.0008596496776210287
5.5378459	-0.0008590222702696837
5.5398466	-0.0008583921291172379
5.5418473	-0.0008577587985301871
5.5438479	-0.0008571222785085229
5.5458486	-0.0008564825690522452
5.5478493	-0.0008558401257948751
5.5498499	-0.0008551949487364044
5.5518506	-0.0008545470378768412
5.5538513	-0.0008538959375826729
5.555852	-0.0008532421034874039
5.5578526	-0.0008525859912245551
5.5598533	-0.0008519266895270929
5.561854	-0.0008512651096620592
5.5638546	-0.0008506007959959247
5.5658553	-0.0008499337485286979
5.567856	-0.0008492639672603703
5.5698566	-0.0008485919078244712
5.5718573	-0.0008479175702209839
5.573858	-0.0008472409544499253
5.5758586	-0.0008465616048777658
5.5778593	-0.000845879521504514
5.57986	-0.0008451951599636824
5.5818606	-0.0008445085202552708
5.5838613	-0.0008438196023792796
5.585862	-0.0008431284063357169
5.5878626	-0.0008424344764910451
5.5898633	-0.0008417382684788018
5.591864	-0.0008410397822989787
5.5938646	-0.0008403390179515757
5.5958653	-0.0008396359754365931
5.597866	-0.0008389306547540388
5.5998666	-0.0008382226002703757
5.6018673	-0.0008375122676191409
5.603868	-0.0008367996568003264
5.6058686	-0.0008360847678139322
5.6078693	-0.000835367600659958
5.60987	-0.0008346476997048915
5.6118706	-0.0008339250649487243
5.6138713	-0.000833200607658498
5.615872	-0.0008324729609336586
5.6178726	-0.0008317430360412392
5.6198733	-0.0008310108329812402
5.621874	-0.0008302758961201486
5.6238746	-0.0008295377698244436
5.6258753	-0.0008287973653611673
5.627876	-0.0008280542270967901
5.6298766	-0.0008273083550313122
5.6318773	-0.0008265597491647419
5.633878	-0.0008258084094970791
5.6358786	-0.0008250538803948029
5.6378793	-0.0008242970731249471
5.63988	-0.000823537076420486
5.6418806	-0.0008227743459149243
5.6438813	-0.0008220084259747574
5.645882	-0.0008212397722334898
5.6478826	-0.0008204683846911216
5.6498833	-0.0008196938077141482
5.651884	-0.0008189164969360824
5.6538846	-0.0008181364523569158
5.6558853	-0.0008173536739766651
5.657886	-0.0008165681617953054
5.6598866	-0.0008157799158128615
5.6618873	-0.0008149889360293169
5.663888	-0.0008141961337117051
5.6658886	-0.000813400597593001
5.6678893	-0.0008126032389402379
5.66989	-0.0008118036021198951
5.6718906	-0.0008110025983989977
5.6738913	-0.0008102006834110751
5.675892	-0.0008093974015225979
5.6778926	-0.0008085932083670954
5.6798933	-0.000807789015211593
5.681894	-0.0008069848220560906
5.6838946	-0.0008061815401676134
5.6858953	-0.0008053787139126571
5.687896	-0.0008045777101917681
5.6898966	-0.0008037785290049378
5.6918973	-0.0008029816259856875
5.693898	-0.0008021874567675295
5.6958986	-0.0008013969326174976
5.6978993	-0.0008006095979020873
5.6999	-0.0007998263638883073
5.7019006	-0.0007990472305761744
5.7039013	-0.0007982717423321757
5.705902	-0.000797501266056841
5.7079026	-0.0007967353461166741
5.7099033	-0.0007959735268781376
5.711904	-0.00079521671960829
5.7139046	-0.0007944640130400728
5.7159053	-0.0007937154071735107
5.717906	-0.0007929713576420999
5.7199066	-0.0007922309531788153
5.7219073	-0.0007914946494171775
5.723908	-0.0007907615350901448
5.7259086	-0.0007900320658312465
5.7279093	-0.0007893057860069531
5.72991	-0.0007885822399837523
5.7319106	-0.0007878614277616521
5.7339113	-0.0007871438049741654
5.735912	-0.0007864289159877711
5.7379126	-0.0007857167608024692
5.7399133	-0.0007850073394182681
5.741914	-0.0007842997405681258
5.7439146	-0.0007835939642520507
5.7459153	-0.0007828895548365218
5.747916	-0.0007821860566880181
5.7499166	-0.000781483925440069
5.7519173	-0.0007807827054591535
5.753918	-0.0007800823967452632
5.7559186	-0.0007793825436648939
5.7579193	-0.0007786831462180373
5.75992	-0.0007779842044047016
5.7619206	-0.0007772852625913576
5.7639213	-0.0007765867764115345
5.765922	-0.0007758882902317114
5.7679226	-0.0007751898040518882
5.7699233	-0.0007744917735055861
5.771924	-0.0007737937429592756
5.7739246	-0.0007730952567794525
5.7759253	-0.0007723972262331421
5.777926	-0.000771698740053319
5.7799266	-0.000771000253873496
5.7819273	-0.0007703022233271938
5.783928	-0.0007696032815138498
5.7859286	-0.0007689047953340267
5.7879293	-0.0007682063091542035
5.78993	-0.0007675073673408679
5.7919306	-0.0007668079698940112
5.7939313	-0.0007661090280806754
5.795932	-0.0007654096306338188
5.7979326	-0.0007647102331869621
5.7999333	-0.0007640103801065928
5.801934	-0.0007633105270262235
5.8039346	-0.0007626102183123332
5.8059353	-0.000761909909598443
5.807936	-0.0007612096008845611
5.8099366	-0.0007605088365371581
5.8119373	-0.0007598080721897553
5.813938	-0.0007591068522088398
5.8159386	-0.0007584056322279159
5.8179393	-0.0007577039566134795
5.81994	-0.0007570022809990513
5.8219406	-0.0007563001497511021
5.8239413	-0.0007555980185031448
5.825942	-0.0007548958872551957
5.8279426	-0.0007541933003737339
5.8299433	-0.0007534907134922639
5.831944	-0.0007527881266108021
5.8339446	-0.0007520850840958195
5.8359453	-0.0007513815859473158
5.837946	-0.0007506785434323332
5.8399466	-0.0007499745896503252
5.8419473	-0.0007492710915018216
5.843948	-0.0007485671377198136
5.8459486	-0.0007478631839377974
5.8479493	-0.0007471587745222684
5.84995	-0.0007464543651067396
5.8519507	-0.0007457495000576897
5.8539513	-0.0007450446350086481
5.855952	-0.0007443397699596066
5.8579527	-0.0007436344492770441
5.8599533	-0.0007429291285944817
5.861954	-0.0007422233522784065
5.8639547	-0.0007415171203288105
5.8659553	-0.0007408108883792144
5.867956	-0.0007401046564296267
5.8699567	-0.000739397513212997
5.8719573	-0.0007386908256298883
5.873958	-0.000737983226779746
5.8759587	-0.0007372756279296121
5.8779593	-0.0007365675734459489
5.87996	-0.0007358590633287813
5.8819607	-0.0007351505532116054
5.8839613	-0.0007344411318274043
5.885962	-0.0007337317104431949
5.8879627	-0.0007330213777919601
5.8899633	-0.0007323110451407254
5.891964	-0.000731600256855978
5.8939647	-0.0007308885573041889
5.8959653	-0.0007301764021188953
5.897966	-0.0007294637913000808
5.8999667	-0.0007287507248477453
5.9019673	-0.0007280367471283846
5.903968	-0.0007273223137755028
5.9059687	-0.0007266069691555959
5.9079693	-0.0007258907132686554
5.90997	-0.0007251740017481939
5.9119707	-0.0007244568345942199
5.9139713	-0.0007237383005396995
5.915972	-0.0007230193108516582
5.9179727	-0.0007222994098965917
5.9199733	-0.000721578142040979
5.921974	-0.0007208564185518453
5.9239747	-0.000720133783795678
5.9259753	-0.0007194097821389644
5.927976	-0.0007186848692152257
5.9299767	-0.000717959045024445
5.9319773	-0.0007172318539331264
5.933978	-0.0007165032959412533
5.9359787	-0.0007157742823158676
5.9379793	-0.0007150434461564147
5.93998	-0.0007143116987299366
5.9419807	-0.0007135785844029039
5.9439813	-0.0007128441031753332
5.945982	-0.0007121082550472081
5.9479827	-0.0007113710400185368
5.9499833	-0.0007106324580893109
5.951984	-0.0007098920536260345
5.9539847	-0.0007091507378957162
5.9559853	-0.000708407599631339
5.957986	-0.0007076635500999284
5.9599867	-0.0007069176780344587
5.9619873	-0.0007061699834349219
5.963988	-0.0007054213775683516
5.9659887	-0.0007046704935342015
5.9679893	-0.0007039186982330261
5.96999	-0.0007031650803977752
5.9719907	-0.0007024100956619865
5.9739913	-0.0007016532883921305
5.975992	-0.0007008951142217283
5.9779927	-0.0007001351175172674
5.9799933	-0.0006993737539122518
5.981994	-0.00069861102340669
5.9839947	-0.0006978464703670694
5.9859953	-0.0006970800947933817
5.987996	-0.0006963128079526603
5.9899967	-0.0006955436985778801
5.9919973	-0.0006947727666690328
5.993998	-0.0006940004678596392
5.9959987	-0.0006932268021496993
5.9979993	-0.0006924513139056924
6.	-0.0006916744587611392