   568.29683660854607     
   151.50268365416466     
   7640.7415498273376     
  0.20636548456602494     
 -0.21756255410431452     
  0.93618863486082560     
 -0.77193764578052837     
 -0.21211579123075197     
  -3.1377364338417912     
  -1.9150851901566421     
  -1.9572989269424335     
  -12877.134738906865     
  -1.6259295494548605     
  0.45355171090617102     
  0.16129204319347501     
  0.20036538876106730     
 -0.70043697014088779     
 -0.71747965657335733     
   5.4536419815652458E-002
 -0.14326573401782677     
  0.98945426535562764     
 -0.59393100725416459     
  -1.2232164149312263     
   5.8025573555877612     
 -0.13270063543116964     
  0.47756358678278260     
   1.0828369668159450     
 -0.16554435227632064     
  -4.5532976531522601E-003
 -0.17947718766681742     
  -9.7893120537172168E-002
  0.17095585052165072     
  0.59033454475108071     
  0.99916551788633279     
  -1.5701283557832697     
  0.89291266749597520     
 -0.23712218904663115     
  0.68467549702885100     
  0.83949742000720695     
 -0.26088044992236076     
  0.58346853094178719     
 -0.29217172733540203     
  0.49629649615471211     
  0.54221866834531840     
 -0.98471528730244173     
  0.35251672518456778     
 -0.18219840252371819     
   9.6115971538208847E-002
 -0.56265242322438602     
  0.19353797317027624     
  0.71056020381476948     
 -0.25397738452797769     
 -0.44951671208361310     
  -1.3202695367850750     
  -8.5847948731952436E-002
  0.38093771605883875     
   1.4821233022164282     
  -2.8496366604419895E-002
  -3.6690618220242735E-002
  0.24166983658273569     
   4.3656552172074425E-002
  0.27311336862761965     
  0.18812145003657332     
   8.5679287883754035E-002
  0.55127280468214568     
 -0.62295848516234076     
  0.85290211082735945     
  0.61069634150171714     
  0.21983172389618622     
   5.5016754517508142E-002
  0.95298272967366804     
  -2.1287964027917567     
 -0.27258705277509238     
   7.9329146053735821E-003
   2.0693849251095044     
 -0.51979557116294972     
  0.14697409972153097     
  -4.0565335547841384E-002
  0.20347414108311823     
 -0.21799940724214362     
 -0.13228959833093309     
   9.1092292210698630E-002
   8.4753189014225936E-003
  -7.8498945890658853E-002
 -0.56688586189897439     
 -0.13493281308355334     
   1.4845943643479831     
  0.30217407770871396     
 -0.64202218752348372     
  0.55810139687680171     
  0.19555842030773585     
   6.4549119023350018E-002
  0.51308830541308315     
  -1.7429516700764262E-002
   3.2853543289731404E-002
   7.0722510509327458E-002
  -8.3506169056856983E-002
   5.6355914270114014E-002
   8.7506997131812425E-002
  -5.5112300752285841E-002
  -1.9648711095540802E-003
  0.12922656595214879     
   1.5532085308861247E-002
   9.1156771381895055E-002
  0.20134523729768108     
 -0.11719331604566023     
  -1.3692378231236459E-002
  0.29848458867915623     
  -3.1415231052368410E-002
  -3.1933243330947901E-002
   6.5406110951923363E-002
 -0.11731586342631854     
  -4.5068034903382181E-002
  0.14841125429923743     
  -3.3740647420405223E-002
  -3.1775818786826754E-002
  0.17864745305203908     
  -7.2639086861555249E-002
   6.1088844009008821E-003
  0.13631984013421533     
  -3.1315371614587847E-002
   9.8390215159451129E-003
  0.11084000328227880     
  -2.7240870148740923E-002
   1.4221286482721838E-002
  0.11080652416383911     
  -4.0100675534929790E-002
   9.0850028571107383E-003
   9.6515222211363563E-002
  -5.7720940593191980E-002
  -3.2166253776081302E-002
   2.6384409712961972E-002
  -6.7513419487118947E-002
  -3.1664093541906697E-002
   1.2675835027266796E-002
  -4.9892316553983414E-002
  -3.3386034600448956E-002
   1.8919902221260134E-002
  -8.3646890051113199E-002
  -5.4456231760369005E-002
   1.5180492350464134E-002
  -9.1036314175434549E-002
  -6.2653063066336639E-002
  -1.1261288584040678E-002
  -6.5138076449460250E-002
  -5.2828132904310904E-002
  -3.7009628108770676E-002
  -7.9474640814675576E-002
  -7.5543033595719553E-002
  -3.6487007056397659E-002
   9.7011349583686152E-002
   2.3765665464575974     
  0.80023577621626774     
  0.65067596461756438     
  0.47354902172761770     
   2.5213363154705419     
  -2.5345977086057188     
 -0.69221934327976375     
   2.3736429533824870     
  -2.0354811425415309     
  0.44957631613327276     
  -8.5751200918460779E-002
  -1.7117982289736041E-002
  -7.1167641716666452E-002
  0.14315457627910125     
  -8.5728496851066843E-002
 -0.13356391734534276     
 -0.18124655234312903     
  0.23634833012490650     
  0.79619279976237778     
 -0.28544461242496966     
 -0.24099128448171639     
 -0.27986540210354438     
  0.18524887241024238     
  0.17424133625776089     
  -5.7501779968948022E-002
   2.8395426059882448E-002
 -0.26579208897141793     
  0.14768195071294671     
  0.14881954140433634     
  -9.8928382770213583E-002
 -0.10533266458251520     
 -0.17039400993242937     
  -9.6990543295333242E-002
  -9.1724947469631335E-002
 -0.12594178804185313     
  -2.4641319623802442E-002
  -8.2781513827563963E-002
  -3.8081477615019087E-002
 -0.14669003539262998     
 -0.11320279844370830     
 -0.10632969208189764     
 -0.10151400331700852     
  -7.5411932232652773E-002
  -8.3180123665820102E-002
  -7.3263933268509468E-002
  -7.7136099147964127E-002
  -9.4016833227735741E-002
  -7.7282271329699545E-002
  -9.4579269028571722E-002
   1.3736311976100317     
  0.58880736987423876     
  0.46161039916532898     
  0.66685750766180862     
  0.30209060644313340     
  0.85649175921076104     
 -0.88703043066719856     
  -1.3418126000644511E-002
 -0.52279950140534115     
   4.5716847144232924     
   2.1308960952578220     
  0.48976192555212711     
  0.80587664492662581     
   1.7185551914083188     
 -0.23236081267397624     
  -2.9142385764918557     
 -0.47331752227381335     
   1.4500174632864179E-002
  0.14382989356321604     
   4.4188325439608711     
  -2.7074312864742534     
  0.37229398254369039     
  0.63733825052448445     
  -7.9096651701548629E-002
   2.0227803624398910E-002
  0.97458575125927349     
  -1.0876830097242562     
  -6.1983040700736813     
  0.20561655467833995     
   2.3498899182260455     
 -0.44416812286830859     
 -0.69490696954219544     
  -1.1526393224579090     
 -0.80437376510922287     
 -0.46477507869218909     
 -0.28922715336019017     
  0.21656960007532894     
  -6.3139286189632252E-003
  0.24975157696403877     
 -0.10809634288691267     
   1.5872149580480759E-002
  -6.3940331942580905E-002
 -0.12759825835026972     
  -2.9117873095735634E-002
  -4.8307341995843515E-002
  -3.3423667385580419E-002
  -9.1988893366624011E-002
  -7.4605715516262772E-002
  -6.9747214150803732E-002
  -7.2102041789588497E-002
  0.54244643587492847     
   3.0064769841406385     
 -0.82225936348339390     
  0.33025299925032209     
 -0.74711404632964085     
   1.6976333784988547     
  -3.7690725135567620     
 -0.67074716188147232     
  -1.8092783669854249     
 -0.32234413954838348     
 -0.17881382862463477     
   1.3400278399714083     
 -0.20875664757178217     
  -1.0695673431815966     
   2.3833927136849196E-002
 -0.35268565697112553     
 -0.35199234668098195     
 -0.14534089196482522     
  0.24119920568215192     
  0.88465637784982565     
  0.31631586950472224     
  0.11763901122059350     
  0.11443650859821911     
  -3.5677510545507253E-002
 -0.10302537692891221     
  -4.1022756319065247E-002
 -0.73784879038411189     
 -0.65309920214552697     
 -0.61503012274130719     
  -2.1995048211329957E-002
 -0.10734721682881551     
  -4.9902171572153875E-002
  0.24201613160203383     
  0.28750650797481625     
  -7.8421774914613565E-002
  -6.4797163298679017E-002
  -4.1687272434694764E-002
  -8.1478382020812409E-002
  -1.9394079877701264E-002
  -4.0071721137823174E-002
  -4.4579505570495066E-002
  -5.5397707250864250E-002
  -1.3993495093905324E-002
  -7.8555156121075706E-002
  -8.6740313738392971E-002
  -9.1131526975869862E-002
  -9.4672027759360081E-002
  -8.0082601641018394E-002
  -8.1415108814059917E-002
  -8.4683109892405670E-002
  -14109.805574321386     
   15112.183271699136     
   16915.917451477566     
   22671.942571659754     
   1738.3106852148139     
   52464.633563488969     
   14773.863262991114     
 -0.72038233134039786     
  0.74805671124382667     
  -22176.271598445575     
  -12540.992199811939     
   1.1122788904809036     
  -72269.378934402703     
  -104976.89347375478     
  -55243.908335748885     
  -5092.8945955649961     
   4139.1344126669519     
   3055.1669133254595     
   44270.379576907508     
  -14.269244912675857     
  -41524.456435709835     
  -8.0771289138318334     
  -3488.0760874123916     
  -1.0264726491730261     
   57375.803968587417     
  -84.038530844735035     
   321514.02817571885     
  -352050.75886720768     
   3.9856862575315097     
   6.0579086512335447     
  -8.5883261356911253E-002
  -9.5151330962974276E-002
  -8.4041419164605780E-002
  -9.2179719742670543E-002
  -9.7801240525167935E-002
  -9.8244356762415705E-002
  -9.9020895117662322E-002
  -8.4412818489071173E-002
  -8.6384819714876673E-002
  -9.3768674923581499E-002
  -8.3044292663126934E-002
  -8.5997473532082674E-002
  -8.8911119833596841E-002
  -8.5533493868562668E-002
  -9.5436394169397143E-002
  -9.6019871128236969E-002
  -9.2582318799933519E-002
  -9.3248105526955866E-002
  -8.5091498355533701E-002
  -8.8605301978756809E-002
  -3.5647252217072163     
   12.384312432466455     
   2.3832418786329206     
  -1.4232009977679929     
  -6.3186542850323255E-002
   1.9441696435522346     
  -12.919027763143747     
   5.0830226890373913E-002
   6.9147257910788991     
   3.9676409040019966     
 -0.65342430397896800     
 -0.11130703846011733     
 -0.60706196464736839     
  -1.0353985122927281     
 -0.10523992727134181     
 -0.49625458388240973     
  -2.8368587995626738E-002
 -0.14467830245176375     
 -0.25585218215164102     
   6.2599548530453166     
 -0.62309843471819426     
 -0.33941965172757793     
 -0.19494392868408630     
  -7.7752836905999470E-003
  -5.9376647765961535E-002
  -9.8026835070785703E-002
 -0.59286657833757195     
 -0.25397608335602584     
  0.12408666407669956     
  -1.0789323364570846     
  -3.8312961558117711E-002
 -0.20811336062700250     
  0.58122028148185412     
 -0.31809931435615063     
   5.0511006171492720E-002
  0.13417430481249407     
 -0.18830343207874126     
   3.5443802695519409E-002
  -2.0122970324006558E-002
   9.0150041112776427E-002
 -0.12158535903765191     
  -8.9714277484282651E-002
 -0.57747539046876173     
  -6.7311663604260580E-002
  -5.3614643850785466E-002
  -7.2975823564428249E-002
  -5.6786671703728989E-002
  -5.2401835532158533E-002
  -6.4775811307630327E-002
  -6.9069644960496002E-002
  0.96266138973625437     
  -3.4559944569077814     
 -0.66007056392159136     
 -0.77075620051014482     
  0.88787134162489656     
  -1.5595419144638332     
   3.6912936674787122     
  0.71940039844508530     
  -1.0468475614583925     
  -8.5638138345501158E-002
  -1.1859480188897854E-002
  -1.3695431899480794     
   8.1110471542380394E-002
   1.0723732016055829     
 -0.27064098203508324     
 -0.16153595194951439     
  0.29868276333569327     
 -0.22265276139295609     
   5.8235702581287421E-002
 -0.18870774808503993     
 -0.24411975405569983     
 -0.33875051691109198     
 -0.12041674686452264     
   5.8687184738918298E-002
   7.6546123657146622E-002
  0.18681593954202794     
  0.65517095265171355     
  0.19384712828006187     
  0.49509522564869601     
 -0.44444825426970697     
  -8.6694773500101810E-002
  -3.4717814478500184E-002
   3.3316397967826351E-002
   8.5752397313306528E-002
  -3.5186904262722030E-002
  -6.9571333147333145E-002
  -2.6595482749424353E-002
  -7.0619127322543121E-002
  -3.5129221498681147E-002
  -5.1509623712940121E-002
  -4.2519798918934086E-002
  -5.5657451333691217E-002
  -1.4184608390149029E-002
  -7.0530970154963152E-002
  -6.7909125381067970E-002
  -6.5608939663531277E-002
  -7.6673842483207993E-002
  -8.2223234355528710E-002
  -8.2211407437689399E-002
  -7.1607103562644159E-002
  0.72024673016178398     
   2.7556650454220897     
  0.49239013414282834     
  -1.2703727953501467     
  0.42142471342889204     
   2.4496297537886682     
  -2.7010949565171685     
 -0.65551003711509614     
  -1.8777794202732232     
  -1.6382006373949620     
  0.39477340013942441     
  -6.0249197416576424E-002
  0.34562933050399663     
 -0.34065533215958205     
   9.6379760021132091E-002
  0.12380980764449441     
  -4.3233873017519693E-002
 -0.18752852358708452     
  0.29282775863074501     
   1.0655040220963021E-003
 -0.13280901782847954     
 -0.16079264882013494     
 -0.16448581401728327     
  0.13988065249970427     
  0.13431885052362244     
  0.15420743794983124     
  0.23320249681995567     
 -0.11439030991549262     
  0.10749624044426957     
   8.2117225192650106E-002
  -8.8380724053506041E-002
  -8.0039309533087882E-002
  -3.7516046262731355E-002
  -8.3636656786824359E-002
  -7.8637367985483819E-002
  -3.4058408314901782E-003
  -8.5276419700054715E-002
  -7.0558882292265854E-002
  -5.3973048362404290E-002
   1.7429200315837026E-002
  -5.6072436783180434E-002
  -6.8001676928202484E-002
  -5.3012766162921082E-002
  -8.9224690231396897E-002
  -9.1868060063107340E-002
  -9.1565545776007062E-002
  -9.1734452122193055E-002
  -8.6765112546590292E-002
  -9.7127611860265486E-002
  -8.4366072106271242E-002
   3.7917742204407706E-003
  -3.9481287345207141     
 -0.48448062005039949     
  -1.1929734422339162     
  0.32133947852981543     
  -1.5107025623128831     
   2.7208399248929056     
  0.27873449582601928     
 -0.35363004379591106     
  -4.6237804387752449E-002
 -0.17106646897306452     
 -0.29346948362168607     
  0.67113484086747399     
  -1.8631893531418924     
  -1.0276091668787846     
   6.0936224368457463E-002
   1.5923991802943611     
  0.81738029734214324     
 -0.24929682037047737     
   3.6678590069026380     
   1.7194681421821627     
 -0.19891498961094822     
   5.2713422066140228E-002
  0.14493706939578763     
   7.2705585258395336E-002
  0.24555828287617590     
  0.41412286025257089     
   4.6857377441796801     
 -0.49029524493777382     
   6.6411703689771132E-002
 -0.12370902994556883     
   1.2216368406094387E-002
   9.3860629678131802E-002
  0.65482182113219833     
  -5.2424855057307686E-002
  -9.0282225368885097E-002
  -4.2304010167877229E-002
  -8.6110570893289287E-002
  -9.1474441323327715E-002
  -5.2476508833362009E-002
 -0.19817078188885609     
 -0.13621894626802569     
 -0.21691114828071967     
  -7.2687879153032098E-002
  -6.4962986887199980E-002
  -6.6231160120737972E-002
  -8.6987611410970792E-002
  -8.0464355381678648E-002
  -7.2571192481613020E-002
  -8.7878112948219608E-002
 -0.82838930930404697     
 -0.41177196218103729     
  -1.0316014163813703     
  0.40943826473496919     
   3.4165971124394470     
   2.1598128368088965     
 -0.97732391901596027     
  -3.0007395501441252     
  0.32161467294308904     
 -0.66125457366265949     
   1.9761297005371099     
 -0.87545796683427557     
 -0.35172765323368704     
   2.3590112443377036     
  -1.0421936850244413     
   8.6477942210683806E-002
  0.54204295793437107     
   2.4866969341064957E-002
   7.9588802287751684E-002
 -0.20084122626469139     
 -0.27729869287071596     
 -0.17458064539785079     
  -6.0240620121508250E-002
  0.70765070843481759     
  0.63451279433466656     
  0.62760632299023666     
  -1.4501011703539859     
  0.50250162264053044     
 -0.24153928621732260     
  -2.4272695333781819E-002
 -0.20832702644854231     
  -6.2203106047041254E-002
 -0.25231843551869781     
 -0.52863912630666876     
  -8.1682664866395596E-002
 -0.19329569486760062     
 -0.13712700419026499     
  -6.8027432122285084E-002
 -0.23973984447020122     
  -9.9268128550594470E-002
  -1.0881003882595297E-002
  -5.0678392311596168E-002
  0.11411561457803529     
  -9.6713973653521093E-002
  -8.7133629914228197E-002
  -9.2291889738693497E-002
  -8.9689913997990950E-002
  -6.9726995637360970E-002
  -8.1739647750033811E-002
  -6.7208763351331122E-002
  0.55441789497066318     
  0.30064349831459425     
  -2.3765076755262973E-002
  0.30485279184464958     
   3.4370971413489735     
   2.4092632113912078     
 -0.98478760964061463     
  -3.0413465692053969     
  0.14510654869299724     
  0.83965393420885137     
   8.3796439282806098E-002
 -0.89804944151027555     
   4.5961056917347191E-002
   2.2762213736479646     
  -1.0407337838554003     
 -0.26509454646118968     
  0.69679668828779207     
  0.36533956733188711     
  0.32895861841974650     
  -8.0163553657451161E-002
   1.0543015971176148     
 -0.10316883868090782     
 -0.24032154084123097     
  0.77364435962115319     
  0.75936685985326524     
   4.2119191214675833E-002
  -1.2765976753144690     
   5.7040966637969467E-002
  -7.7648934472368702E-002
 -0.17116114999849724     
   7.0928554175349545E-002
  -2.0148802999502485E-002
 -0.29857566304098437     
 -0.20517566090523670     
  -4.7956962117670990E-002
  -4.7627451127369831E-002
 -0.15701805843770403     
 -0.14585471752360579     
  -5.6878839016926676E-002
 -0.13161213179673065     
 -0.13709032436164278     
 -0.10240850903537813     
 -0.14345870703622779     
 -0.10713711961513980     
 -0.11226469957063465     
  -9.2903610076857712E-002
  -9.9833566576529323E-002
 -0.10679253575720846     
 -0.11025593567091467     
 -0.10763879486280151     
   4.4343609723696636E-002
  -3.7089543788819936     
 -0.23521395270630677     
  0.79439390564285794     
  -1.7716441200350413E-002
  -2.4378376635313015     
   2.4398161608988866     
  0.40565743327721354     
  0.52276505375264748     
 -0.77267457753094149     
   1.7928491687503667     
  0.23582193630060053     
 -0.34966904994570464     
   1.1887822884389780     
 -0.27385856840352502     
 -0.91985216634668587     
  -1.7465674885327076     
  0.69257339886565761     
 -0.39955870935577881     
  0.69459253759379003     
 -0.42990689433316426     
  0.16102736933973352     
   1.2392711873786384E-002
   4.9600463348633134E-002
  0.29455118349863429     
 -0.34232137880441987     
  0.18316680946483796     
  -3.7522733212608670     
  0.72552838655843332     
  0.36880811982824269     
  -7.4174510912140123E-003
   2.2968269913924751E-002
  0.19641965224429453     
 -0.19426382035592160     
   1.4357714050523562E-003
  -3.6527495185833876E-002
 -0.13956414548710241     
  -9.8717367903978337E-002
 -0.20490479576555817     
   6.8546041821226755E-002
  -2.4773603751911202E-002
  -2.4717233104384791E-002
  -7.0578167794503474E-002
  -7.8713360132619203E-002
  -7.8026682409072068E-002
  -7.1074438775172166E-002
  -9.5341088226625487E-002
  -9.0450816024769620E-002
  -9.2111418496477693E-002
  -9.5618772240706723E-002
   1.6789309381964357     
  -1.6172505629316274     
 -0.59114965454275781     
  -1.2999638697347708     
   1.8019067305686762     
  0.33613724690792113     
   8.5099943574266756     
   2.3705982505920615     
   2.0884528005117526     
   7.8015673477801926     
   17.196367256759277     
   3.3044872178323534     
  -2.4566181430855978     
  -4.4404586820229337     
   5.6900085461910770     
   1.5186179517500120     
  -2.2751957292571774     
  0.49696549899767517     
 -0.21495137479480220     
  -28.532162621146952     
  -2.5910351424864384     
   3.4145614474003918     
  -3.8648842896317670     
  -5.5289632651399421     
  0.14800993556305814     
 -0.80535292309681683     
   5.1725085349106150     
   1.4039159649805153     
   2.5223230918997532     
   1.3549800459263714     
  -5.6289416759161590E-002
   2.1473535094274130     
   2.4291969079818965     
   1.4054949372355618     
  0.10834402890480098     
 -0.10748431726546342     
 -0.45937104413424923     
 -0.15637280888236649     
 -0.32105672128600338     
 -0.36928438224893406     
  -5.1165418894013737     
  -1.5877803929743484     
 -0.91973369543861905     
  -9.3089479649959478E-002
  -7.8962471993925976E-002
  -9.6452575557117004E-002
  -4.1878143549019239E-002
  -3.4854367225516977E-002
  -7.1045445656530593E-002
  -4.8699458484378948E-002
 -0.17826438644957834     
  -1.7647998988374194     
  0.64422994497259400     
  0.10270832665162456     
  -6.9970230308746398E-002
 -0.69764379928735909     
   2.2250505862150352     
  0.34772387671537386     
 -0.31103535784291930     
  -1.7067110188446359     
   5.7484044992967213E-002
  -3.0489754229037429E-002
   7.1643167244767075E-002
  0.81320237992030897     
  0.11303652819024992     
  0.66978071643300019     
 -0.35012585943124952     
  0.46035146332550725     
  0.38368685246444606     
  -2.4862346840915599     
  -1.3177748376932259E-002
  0.35294853863716669     
  0.48938730964861676     
 -0.31895328122699929     
 -0.18307271042011636     
 -0.85589986554570541     
 -0.71858948448534743     
  -2.0164813008519142     
 -0.19548994249744381     
  0.92638219938028943     
  -4.8989840345985469E-002
   6.8909544763297470E-002
   9.8784129566996288E-003
  0.36102031592242728     
   6.8448976699644393E-002
   4.5089320095524278E-002
   2.7220621872493408E-002
  -5.1860255485202143E-002
   8.7441254784023065E-002
   7.3431671668263893E-002
   1.2487620489581351E-002
  -2.7152956399609008E-002
  -3.5597580275758552E-002
  -5.7179282098227195E-002
  -6.3533316272193219E-002
  -6.1325975896606315E-002
  -7.2810556701621787E-002
  -7.9011754843308218E-002
  -7.5065030912445138E-002
  -7.5636188962623363E-002
  0.12757783266683043     
 -0.60387564913155634     
  0.58956374516953303     
  -3.1587045549047087E-002
 -0.97642876305160120     
  0.57788237660650688     
 -0.34395250335645472     
 -0.12001381717972212     
  0.51092544647057825     
 -0.87986563420179020     
  -7.9817459873337743E-002
 -0.41323496429482426     
 -0.59689898101626526     
   1.4221260099372821     
 -0.55345297468560073     
 -0.73554369839516831     
  -1.1482013176791994     
 -0.10142946087689828     
  -1.0766157436235120     
   1.3554810240543551     
 -0.65916293589749131     
 -0.42798322823669277     
 -0.65308106529252052     
  0.15234263550766430     
  0.57511917191460071     
  -8.3520456671322865E-002
 -0.18627220893078672     
  -1.8364267448971789     
  0.13960156104145488     
   9.4549409064868556E-002
  -1.6006422692830403E-002
  -1.9424513487141543E-002
  0.41008673876033735     
 -0.24147603419985164     
   6.5083638944579053E-002
   6.7226979869470946E-002
   2.4265248047622708E-002
  -1.5590078836057383E-002
  0.10752399781614255     
   3.1067828281037092E-002
 -0.17333423375309201     
 -0.13954195289323870     
 -0.22683561937912072     
  -7.4904796896824680E-002
  -8.4370013652135326E-002
  -7.2381962728449406E-002
  -8.0643186396714792E-002
  -9.2075139419084212E-002
  -8.2799578498585047E-002
  -8.6126857883082927E-002
   3.9897907248011150E-002
  0.49000349679523791     
  0.42044554663334260     
 -0.28577582640706983     
  0.20084445226788397     
   7.5350906462904765E-002
 -0.52109327688586538     
  0.26158669459354378     
  0.30153519457253680     
   1.8346504260789456     
  0.30156537847386922     
 -0.66424121421394100     
  0.64624929578821466     
 -0.87066426621727933     
 -0.36087957319273634     
  -6.5787623449459348E-002
 -0.47865117432510257     
 -0.48113667856338255     
 -0.30678984106099688     
 -0.57678075259531869     
  0.82177299730460251     
 -0.51454302306574262     
 -0.30245550322844772     
  0.28977801162679934     
 -0.37340319881011391     
  0.15030770614380512     
 -0.48825087542828732     
  0.48787124240718693     
  -4.1518615057264806E-002
  0.34802060987457917     
  -7.8613286418533559E-002
  -6.0767857685558001E-002
  -4.9605008718417755E-002
   7.5421625747762372E-002
  -5.4569754008320370E-002
  -3.3303823066982832E-002
  -2.2222359341431751E-003
  -6.5522807496711286E-002
   1.2146523908853200E-002
  -2.6389501386681065E-002
  -3.1095160041917497E-002
  -4.1238186637669760E-002
  -3.0376558355346032E-002
  -8.3415340119913237E-002
  -8.2635916035791582E-002
  -7.0603922012394182E-002
  -8.5233498183062958E-002
  -8.3620023563831414E-002
  -8.0805482792870378E-002
  -9.5975735123176142E-002
  -1.3483678727296644     
   3.8654157141194752     
   4.1905882613668934     
   1.2968626635977814     
   1.2859235542546972     
   1.5285533092919863     
  -4.4083819452461883     
 -0.71210424523833071     
  -2.0637865856643938     
  -1.2624204919923028     
   5.7368084579818177     
 -0.92144794390553419     
   4.8016134156141232     
 -0.77763830553709079     
   1.7946870964319135     
  -1.6926083207488007     
  -1.7948075932775573E-002
   2.2256740441634055     
  -1.1285751503601316     
   10.660845787558960     
   4.7400930485581467     
  -3.3354560519308118     
  -1.6262189372327285     
   1.2522001122355801     
  -8.7098363603396151E-002
  0.38208487102162508     
  -1.8529359039335442     
   7.8961875516496018     
  -1.0789115818451576     
  -1.4190832055191309     
 -0.76658775001629542     
 -0.43343480876605367     
  -2.5815923117019532     
  0.11688921257704102     
 -0.43901348097968174     
  0.23150231170209851     
  0.75960714998203893     
  0.23707264580324780     
   1.1604467995441170     
  -1.1945215529336171E-002
  0.22897380033869286     
  0.14419679400444077     
 -0.12225140693457007     
  -5.5818474706571100E-002
  -7.1217200523662816E-002
  -5.9619500115742734E-002
  -6.3172911111646329E-002
  -5.8235244793124676E-002
  -8.1323999876523362E-002
  -5.7432981728323083E-002
 -0.10132194184748197     
   1.8666709097930989     
  0.56758290718524962     
  0.13613801287471611     
  -5.4541364120429127E-002
  0.41530806083686678     
 -0.72292572818278122     
 -0.53301286680265436     
 -0.53043923804461834     
   2.0327213704543947     
  -1.0803368926257728     
 -0.34413862220987307     
  0.66888832959320266     
 -0.21387340794314466     
  0.55034149011045941     
  0.16343777214964622     
  0.89133911264759658     
 -0.11384467740543201     
 -0.86052849370282702     
  -6.4329298686969759E-003
 -0.41537512643184604     
 -0.31347067079232405     
 -0.41769717882256241     
  0.20688493107650111     
  0.33751130535139851     
  0.39853526220438190     
 -0.79697647511028435     
   2.2805547889986655     
  0.27255892098199219     
   9.5079013499722240E-002
 -0.12091412313443377     
  -4.6552306390190042E-002
  -3.8352721517630695E-002
   5.3215462434582667E-002
  -6.7937390157582767E-002
  -8.5127369256451368E-002
  -7.0651699116441646E-002
  -7.4704497209975240E-002
  -6.9305723967963043E-002
  -5.9287891513426609E-002
  -2.9453464557732602E-002
  -3.2830218142649616E-002
  -3.1765668883561575E-002
  -8.2886401887434027E-002
  -8.2442498794813315E-002
  -8.7088877869531442E-002
  -9.3354894611248906E-002
  -9.1595137325556478E-002
  -9.6224593622709270E-002
  -9.2356301590414067E-002
  0.14210043834870889     
  -1.0539544195082877     
  -6.3783618173629958E-002
 -0.25081621988371888     
 -0.28701584224015692     
   1.0237115612540604     
  0.25243177827635677     
 -0.23258042126258732     
   7.6185701731899466E-002
 -0.25374954665970495     
   4.2134668662998143E-002
  0.88016375477638298     
  0.16796787880770808     
  0.41375089880475130     
 -0.79259876076166424     
   5.2440956737336550E-002
 -0.66863275291895907     
 -0.38484575502850132     
 -0.45537696570511393     
  -1.5389963735944800     
 -0.37660159737909071     
  0.19723731550672283     
 -0.35334867427691979     
 -0.16495400404398616     
  0.39161756838773165     
 -0.17031926881707465     
  0.75559918535193571     
  0.69996074574893030     
 -0.20653397374776314     
  0.56003309195009832     
  -5.3691593804551130E-002
  -4.8211507942181129E-003
  0.38840346467820602     
  0.62420951926802404     
  -7.4129375115924948E-002
  -9.1684853643904773E-002
  -6.9942646971978578E-002
 -0.11864730248616524     
  -3.5680564774212026E-002
  -7.2559668211728753E-002
  0.16543528090004572     
   8.0520019440024487E-002
  0.23674477595637314     
 -0.11223241129037585     
 -0.11922434445486227     
 -0.11842334001304272     
 -0.11567435576323035     
 -0.11057473389556395     
 -0.11441022378502827     
 -0.10259527202705557     
  0.78972173646066546     
  -2.0242897206795622E-002
 -0.93559080364056035     
 -0.98880877578431936     
   1.7489328207316834     
  -1.2229036932424726     
 -0.98477242481588323     
   7.9428122807955137E-002
  -3.2651883339875013E-003
   1.5634855878377443     
 -0.28442351854008585     
  -6.8824575424429879E-002
 -0.91443525541884541     
 -0.22243908222398584     
 -0.20976628591899796     
  0.77666382952048596     
 -0.76793663758877706     
 -0.52543963792651616     
 -0.22671198320149241     
  0.35640889758438565     
   4.0151341527205755     
  -1.0508330045846597E-002
  -1.3656713956247575     
  0.28639228292148483     
 -0.33952898172758794     
  0.37587174107798804     
  -2.5216117741001782     
  -2.3983920982198765     
 -0.75280379426876809     
  0.58869068730451302     
  -8.6341738360195944E-002
 -0.11019363299496825     
  0.11585756533697056     
  0.29133479352300229     
  -5.1673524444250184E-002
  -8.4417099140332200E-002
  -4.6851156808186613E-002
  -6.7565898816264958E-002
   4.8422860685183602E-002
  -6.3556720952120296E-002
 -0.11633947764946838     
 -0.10162214948417685     
 -0.15418734208853277     
  -7.3493264185510762E-002
  -7.6273434555218136E-002
  -8.1033163074166151E-002
  -8.9844397705703294E-002
  -8.8982946373321062E-002
  -7.3058212042612605E-002
  -8.0081015208300965E-002
   6.7076318670111421E-002
  0.31810561377647772     
 -0.42902394041019565     
  -4.8121329049146983E-002
  -5.0373625753998306E-002
  0.86303067265552191     
 -0.47965796207179634     
   4.9793518437472595E-002
  0.17884325004265070     
   1.4357834153093307     
  0.10818726361652367     
 -0.10380835740329376     
  0.20204962955046654     
 -0.14854248823112987     
   8.9142628273013183E-002
  0.57813878477550795     
   4.1479514775754754E-002
 -0.21062770210209886     
 -0.28278468379273952     
  0.20085452603050383     
 -0.87157297186811822     
 -0.17067119485978935     
 -0.23906728793572224     
  0.27972870151861046     
  0.32898359040805253     
  0.46513294707565833     
   8.1732932189037683E-002
   1.5310758307738290     
  0.36438296488283517     
  0.20971868684909672     
 -0.12788686254350146     
 -0.10079835799729850     
 -0.16500854561232750     
 -0.19692533425943631     
  -9.5878349214655809E-002
  -8.1923377766516134E-002
  -8.3998555472907535E-002
  -7.1825461437882626E-002
 -0.10659787144151937     
 -0.10676213106635993     
 -0.12880309406633622     
 -0.12189190417127958     
 -0.10752275361788209     
  -8.3376245187236298E-002
  -9.3872221310019655E-002
  -8.2608586680090551E-002
  -9.6816640654900199E-002
  -8.4880585333730232E-002
  -8.0339855684086914E-002
  -8.2522502939777115E-002
  0.22367076601536093     
  0.14776267060129633     
   3.1675428845041050E-002
 -0.12224519707961984     
 -0.25013313914707824     
 -0.86906702450545625     
 -0.86773706393523020     
 -0.45151780114311552     
  0.70545134880171356     
   1.8799834858720179     
 -0.92851920618256767     
 -0.68120916814390087     
  -1.2708520973618116     
 -0.19241623810270192     
  0.27050273406291214     
  0.24301612454847166     
  0.75738888617355393     
 -0.15170447378313195     
  0.38283163226642170     
  -2.2836514927819520     
  0.23333737948440858     
 -0.83652592429121275     
  -4.5788387461278323E-003
  0.31021711035941762     
 -0.40363481353140485     
  -3.6773564144632669E-002
 -0.12617792342442533     
 -0.44944389856496075     
  0.29703147774002026     
 -0.17752982298365158     
   3.9661754864350106E-002
  -4.8913633891889068E-002
  0.15970738969105996     
   3.9879348163513323E-002
  -5.4635809096856031E-002
  -4.5477411972383246E-002
  -2.8825610212440858E-002
  -9.7586911042356297E-002
   3.8874363309923258E-003
 -0.10147449345225566     
 -0.14012072139754436     
 -0.12675083513287760     
 -0.16942676281283833     
  -7.4948963463827720E-002
  -7.5323836092382593E-002
  -6.5935555637152657E-002
  -8.3234746224957745E-002
  -8.4559277262376428E-002
  -7.3376867748854671E-002
  -7.5559693315439880E-002
 -0.35670922191807142     
  -1.3826640417911205     
  0.25012992773817033     
  -8.1827893750549260E-002
 -0.14015374591992982     
  0.17067680333296084     
 -0.36750279955760878     
 -0.21794125471495254     
 -0.13787946547100854     
  0.41943506362983274     
   1.0469789987135425     
  0.27894666714673672     
  0.94233962751685507     
  0.56014305639593887     
  0.69090546730437175     
  0.12873231601690882     
  -4.0433686425409190E-002
 -0.29126341376870080     
  0.26494250662194596     
 -0.38984318961222741     
   9.7901889790178331E-002
   5.8591431508789794E-002
  -6.3447527544855400E-002
  0.13472448631344253     
  0.11627252224366190     
  -4.7417784723148691E-002
  0.41545379057079118     
  -2.1385614274758855     
  0.78347133458938212     
  0.38262929739115437     
 -0.13017604298070728     
  -9.0550436862058395E-002
   3.2489670692569944E-002
  -8.7178977569640201E-002
 -0.10930893660783378     
  -4.3933388380548749E-002
  -2.6240581295853032E-002
  -4.3598291795232287E-002
  -9.6803429804608446E-002
  -5.4107416792131087E-003
  -2.9691432257927731E-002
  -2.7605959239854181E-002
  -6.9841056560398282E-002
  -7.0552107267505312E-002
  -6.3732857905666046E-002
  -6.8239704561301864E-002
  -8.4926064188998326E-002
  -6.8146796466972928E-002
  -7.2669682847193787E-002
  -7.7554113029970312E-002
 -0.21211566536888943     
   4.0862462410464069     
  0.35977949363744760     
  0.56684108493210261     
   2.4956835771681876     
  -6.3138357208582692E-003
  -5.2591695087313841     
  0.21246920533340030     
  -1.8010623471397178     
  0.93520858701439946     
  0.48700695704154773     
  -1.5279450473702612     
   1.8502103563011398     
  -3.1415086504711280     
  0.69246054176758709     
 -0.30799194956055997     
 -0.88645848325287291     
   1.4271126896629822     
  -2.3598558212871579     
   11.974944578130394     
   3.2148091519000528     
  0.25793705771534747     
  0.81329962798701072     
  0.77230030766793167     
  0.36699629650119414     
  0.30039934783024763     
  -5.8395944770443595     
   5.8873684963550108     
   1.4028760719571858     
   2.4006818959596166E-002
 -0.31893135203659395     
 -0.51167917652671313     
   1.4800994614620611     
  -1.4911908266759448     
 -0.11626560655628755     
 -0.51624101710298909     
 -0.51191732919070587     
 -0.29636213906005521     
 -0.66526440441891666     
 -0.38193915064697825     
  0.18764834870684066     
   5.8289278275318282E-002
  0.25068646009977924     
 -0.13536506691769898     
 -0.11257405092961982     
 -0.13539445836425323     
 -0.10862382590270488     
  -9.8091632742012214E-002
  -8.4763597808614852E-002
  -8.7499719023941602E-002
 -0.12518960621119340     
 -0.75693753846857081     
 -0.22786815585142564     
   4.7446118467892359E-002
  0.42549212477657056     
 -0.63933150754073698     
  -1.5138848468828818     
 -0.12113586795995425     
   2.1931185917584899     
  -1.1618778552825360     
  0.28552524841849125     
 -0.46615010229213127     
  -7.0258191487029220E-002
  0.59223994106765510     
  0.74909055134731395     
 -0.61759956779606573     
 -0.39026877459058079     
  0.84372995221915881     
 -0.76975338150215411     
   3.1698638459926562     
   6.4791538691460190E-002
 -0.84993749489218151     
 -0.43573496845063991     
  0.38417971786214311     
   2.0048840809743312E-002
  0.95505203770519587     
   1.1945800281122005     
  0.55494324404353157     
 -0.30169855103680598     
 -0.31454269872521912     
  -8.8535025109528431E-002
 -0.13007928439551086     
 -0.16606084373746424     
   8.3468578132064125E-002
  -8.0559154045520942E-002
  -6.1473354398114334E-002
  0.19085846323608097     
  -9.6488070922072067E-002
  0.31636612489801530     
  -2.6973893034218214E-002
  -1.1561184329742229E-002
  -3.5491282126184694E-002
  -2.3185606147296083E-002
  -8.7803442704708676E-002
  -8.3630389961479867E-002
  -7.4503162126416028E-002
  -7.6688648463707584E-002
  -9.1387503515998517E-002
  -8.5004807910266544E-002
  -8.0367020982351531E-002
 -0.42321379597444320     
 -0.58590241232367246     
   9.8797102326723230E-002
  0.61437434136264735     
  -1.9256301002034948     
 -0.75341824860489481     
 -0.47141715929170014     
  0.32895842748754839     
 -0.34442924394138535     
 -0.91554923531745713     
  -1.3473334275174751     
  0.60541556878792169     
 -0.51741871992229904     
 -0.59411401561017330     
  -1.2772817921005852     
 -0.37719419082155337     
  -1.6657528533005757     
  0.55415600175163127     
  0.48642647968694741     
  -4.2816471718440829E-002
  0.11959252386314659     
 -0.30338079718970279     
 -0.80190088249563407     
  -7.2228612781526119E-002
   1.2258123566042156     
 -0.77494591701987381     
   3.0298908722521496     
  -1.3144015373695395     
 -0.77024147390655362     
  -1.3112654521183791     
 -0.40557354162305120     
 -0.58840009739986643     
  -1.2475638276501351     
  -1.8647752423885107     
   4.8410394067493895E-002
 -0.12640799086439367     
 -0.30587816507951099     
   6.0780270627572699E-002
 -0.47590932208022202     
 -0.10834574448054674     
 -0.12094882955747441     
  -6.2541772038870042E-002
 -0.29773347941885181     
  -6.4123460543996813E-002
  -5.4975760286188967E-002
  -8.3387395039309739E-002
  -4.8172868566406672E-002
  -3.8983744616834307E-002
  -5.5907167993974986E-002
  -4.2021776660401224E-002
   1.6545796886290982     
  -1.2523131823784193     
   3.7745297227449660E-002
  -1.5237784138125610     
  -2.1617805916725317     
  -4.3333623029352388     
  -5.7732125529353748     
  0.88600555948845927     
   1.3203889180973380E-002
  -8.1968874365901776     
   2.9028261776247377     
   2.3779895304188838     
   1.9919438062188077     
  -2.1335907600210846     
  -2.8762364145259194     
   2.4546256050533426     
  -9.6659904771531995     
   2.2325540440732001     
  -3.4763016452869322     
   15.854535792415907     
  -1.8838409745011337     
   5.7072498374450777     
  -3.0090235478364677     
  0.81578751870212518     
  0.51169089924444444     
   5.2395568462690321     
   16.952426145479119     
  -14.626944812040650     
   5.3622000464047819     
  -1.0389465099283850     
   1.7216321535779413     
   4.1496541341270028     
   4.7192444908353348     
   12.639299085318163     
   1.0379870224565686     
   1.8688381780017249     
  0.28686656895125956     
 -0.50400936538118257     
   4.1967893126188409     
   1.5568931300206343     
 -0.25651468891216628     
 -0.56346625129693517     
  0.82176699925604824     
  0.11137977021996251     
  0.12943946872001041     
  0.23251876254307333     
   8.5861926013220707E-002
 -0.16791931042436767     
   1.6465262919545802E-002
  -7.7667739011231141E-002
  0.10795631036179748     
  0.57227632484381363     
 -0.12749623862388909     
   5.0912750693252490E-002
 -0.16232677079701890     
  -1.4209193415006793     
 -0.64578909425719522     
   1.6775211608381434E-002
 -0.87517667671857624     
  -1.7092094008300813     
   1.6166459442985275E-002
 -0.42481796772819064     
 -0.42181633073659980     
 -0.17083036717949798     
  0.12455882334280199     
  0.20323523082082276     
   7.7357652184590023E-002
   4.2048974008217374E-002
 -0.13791924702604480     
  -2.0838971346127568     
 -0.50640464893852488     
 -0.58910296292157682     
  -2.7711209589110386E-002
 -0.17884306880040188     
 -0.42967317199345345     
 -0.46656895537124121     
  -2.1614218218214654     
  -4.7219676629183569     
  -1.4206036617939609E-002
  0.12396512373708568     
   2.5956684900757056E-002
   1.8001678514047419E-002
  0.25795097801223027     
  -9.4999944950204654E-002
   3.3951071105130612E-002
  -7.0556475621226078E-002
 -0.11669453222154001     
 -0.11326873091367620     
  -7.4994929532733776E-002
  -9.9124033969143710E-002
  -5.1585838394638234E-002
  -5.3329575751891893E-002
  -7.3202523529226002E-002
  -7.4647850477573705E-002
  -8.2231239862771019E-002
  -8.0733967556735217E-002
  -9.8259021810178218E-002
  -9.7712954768058122E-002
  -8.4499218982389865E-002
  -8.9948940324317245E-002
 -0.30033220107202563     
  -1.4546531575517958     
   3.1000184593353359     
  0.45609458217396631     
   3.3654650260249469E-002
  -2.3743267285379543     
   3.3816478967377712     
 -0.14169912756805697     
 -0.39212349009742115     
   1.2469030621632833     
 -0.59976612916332217     
 -0.78632667930857547     
  0.66258395517287205     
   2.4182923315982436     
   1.2886668234109566     
 -0.18094050074939647     
  -1.6997996130276034     
  0.53514420326276535     
 -0.45125346223763962     
  -6.5652823243645839     
  0.61979914903272260     
  -1.1030834144129611     
 -0.71274291329024597     
 -0.45226767633347431     
   9.1750951483442852E-002
  0.49683523900151999     
 -0.99501906068358748     
  -3.9585578446216187     
  0.86563670448668262     
 -0.52345746717579700     
 -0.75070985933850298     
  -6.9254449234631699E-002
  0.31575200951324217     
  0.27659859361528283     
 -0.15701094721013079     
  0.23237870129821814     
 -0.35598541453772053     
   1.8632783687864040E-002
  -6.8993017426739425E-002
   4.5670943236700540E-002
  -2.0127827441077707E-002
  -7.8541986423085020E-002
  -3.0216085747423498E-002
 -0.11314251368101008     
 -0.10042380567925077     
 -0.12669375931308283     
  -8.9470031153060611E-002
  -8.0228333407538113E-002
  -9.7603520565838278E-002
  -8.5692222068614668E-002
 -0.14430255170150219     
  0.21931065712365241     
  0.22598549269212159     
  0.56230732677267015     
  0.78355582273183799     
 -0.30206692493780191     
   1.5390962924271725     
 -0.19065460998786782     
  -1.0289737303136397     
  -1.3072555955747336     
  -4.9326296496653155E-003
 -0.25256557281617670     
  -1.6937297813814616     
  -4.0174885357484785E-002
   1.4382686804647531     
 -0.65610849315076214     
  0.11353411368530142     
  0.62952889817193436     
  0.47678515690692352     
   5.2114847076210875     
   1.8131642749063797     
  0.65809875722341893     
   1.0480967333564510     
  0.65705618141697686     
  -4.3062321251001380E-002
 -0.41348623219547709     
  -2.3790497232189041     
   1.7401304865977987     
  0.37904402258656172     
 -0.74039852949129359     
  0.21791718452521627     
 -0.54051064162731510     
  0.41273782939405823     
 -0.57826113386839828     
 -0.15976469736832929     
 -0.37307908149247426     
  0.14489638624503945     
 -0.17274480269511161     
  -2.4104021707804738E-002
  -4.2656215551411553E-002
   8.3018061146628602E-002
  -2.8878149292793906E-002
  0.28346593007219117     
  -9.9486224711511653E-002
 -0.12387526368912115     
  -9.8429941736372636E-002
 -0.12969229392163739     
 -0.14536994090024624     
 -0.13047384890851915     
 -0.14349641367819413     
  -8.5273579105583960E-002
 -0.10104011886769157     
 -0.24297850688975370     
  -3.0491559949100498E-002
 -0.19542972154760704     
  -1.4831204760309193     
  0.62710426343551406     
  -4.9573541089319308E-002
 -0.58852771796564540     
  0.58352463874338512     
  -2.2597393695474386     
 -0.17744646255193194     
 -0.44006517916540600     
  -4.4477611394318926     
  0.52228651972858930     
   8.6098884582795701E-002
   1.8855665401287149     
 -0.30183811466635818     
  -1.1564466659212060     
  -3.5970549412176416     
   3.0209580346099418     
 -0.19233352464652378     
 -0.40140707885007210     
  0.10421322357063340     
  0.14256414448322585     
  0.12881317777588389     
 -0.84688043241344413     
  -7.1336154009815731     
   1.7444158658649731     
   1.7815280136776075     
 -0.37758338478893094     
 -0.16569762281580383     
  -1.5166615016088951     
 -0.65174037846134314     
 -0.57683943816256400     
 -0.10297527767460644     
  0.55174324786258011     
 -0.10659523142782888     
  -4.6424725690584472E-002
  -3.2433567326257018E-002
  0.37289284958207924     
  0.34323577375768927     
  0.37895294220020315     
 -0.13238115398432945     
 -0.16034149580839974     
 -0.12781076949704745     
 -0.17220359819244280     
 -0.17929003885024603     
 -0.17151049707257934     
 -0.17722626654281359     
 -0.25620026604852592     
 -0.30911433533776123     
  -5.5597870804731525E-002
  -5.1173329215322257E-002
 -0.21154836773579477     
 -0.76096821378566037     
 -0.97610643706460809     
 -0.13951982690239353     
   1.7336573057013551     
  -5.0093231578195105     
  -1.5740712206054790     
   2.0867338656524965     
  0.10288788711702218     
 -0.54419134418755299     
 -0.91678018167164399     
   4.1101081870463317E-002
  -4.4165601167168456     
   1.9063336808871625     
  -1.4200400525180603     
  -4.8545726020529303     
   3.2595860287114022     
  -2.0957742905921903     
   2.0342011394020125     
 -0.57370005901591625     
   1.7116131410160045     
  -1.7245534217890233     
  0.29915119772909565     
  -5.3506271979801312     
   1.6418659569699292     
  -1.0223344742965315     
 -0.87555029856142585     
  -1.7275743136249153     
   6.4141591922724768     
  -21.275010900837284     
  -11.589761790861010     
  0.71478642177689911     
 -0.59946131275752801     
   1.2601886591394036     
  -2.9868290374484907     
   1.4130713864659536     
   1.2327200397265123     
  0.27877592137187257     
   3.2215972240405439     
 -0.21901972250295820     
 -0.12352405404773752     
 -0.29087929309850430     
 -0.10189855348034363     
  -8.0264166974836071E-002
 -0.11897768945487713     
  -8.0298061515726701E-002
  -1.2756093397644370     
   15.518466716542097     
   2.9352961231058261     
   1.0513795849965810     
   2.0754402289695593     
   7.7474515970363598     
  -19.854635200677286     
  -4.0196398771221720     
 -0.17143204211751026     
   3.0824745534220765E-002
   13.258848267492139     
  -5.7979125089415398     
  -4.5427496958045923     
  -7.1000017173573040     
  -12.052162153094896     
  -2.9381526796027302     
   6.6133733776649475     
   6.8177221143890989     
 -0.49029915689292014     
   38.880782556543480     
   15.132354834702781     
   4.8825714643883815     
   4.1721128216145686     
  -1.1382617050347301     
   3.4351930422371728     
  -13.316168861290357     
  -67.407959386792569     
   7.9237046831191886     
   1.1465653921587555     
  0.71879660982324645     
  -11.307769748444105     
  -11.253838905457959     
  -100.79711251889441     
  -4.2291804073106700     
   7.4923626849033989     
  -32.132764968584731     
   77.295676280134174     
  -11.126406665654203     
   53.268345647796963     
  -13.158838108587174     
  -27.672176704551770     
  -20.402252394419509     
  -38.248410967720709     
   6.4295419498016262     
   4.6565956622526672     
   10.102549620561247     
  -4.4777442476919642     
   2.3023377194603691     
   2.9141000461750819     
  0.86132716749448057     
 -0.14825527475097408     
   4.3368033489222253E-002
   1.0677301855907546E-002
  -2.2418336739230996E-002
 -0.15581433702236500     
 -0.33443274207445650     
   1.0212573511094841E-002
  0.40943786302017920     
  -3.1875548707374683E-002
 -0.99711760560331530     
   5.2605783997416505E-003
  0.16058271715595820     
  -1.1455537589108247E-002
  -4.2214058248223078E-003
   6.3135223498377330E-002
 -0.21012942128705192     
 -0.30455538268157389     
 -0.32132041869888744     
   1.5701621235638157E-002
  0.49731439351209888     
  0.46156210719641372     
  0.47094490469759670     
  -7.6606116307659219E-002
  0.57390774466522565     
 -0.25156002024804258     
  0.23224656076570596     
 -0.50625952835774224     
 -0.25805180930938060     
 -0.16188359100675948     
  -1.5272382770526675E-002
   9.4235261772172327E-002
 -0.17802331683178693     
  0.70343772779554170     
   1.7883404014282152     
  0.12921346983514947     
  0.51677396031793077     
  0.17571451793121265     
   4.4721764484846799E-002
   1.1189959817148933     
  0.41039039697579038     
  0.29095338097338969     
  0.18756780161910999     
  0.20943292180496276     
  -9.7451386573243828E-002
 -0.10352504930637101     
  -9.3622596020976792E-002
 -0.11557577834490537     
 -0.10919847125702993     
 -0.10444155717777018     
 -0.11146202200084830     
 -0.10524914184839065     
  0.42512793243344882     
  -5.5412361689325153E-002
  -8.1956355456501137E-002
  0.65236675028047308     
 -0.80178339509700425     
  0.35097534677249215     
 -0.25584653349834063     
 -0.11398550669751550     
  0.69842087345147197     
 -0.14044038256117750     
   2.4098199114183819E-002
 -0.17253764173694283     
   6.2557403784483226E-002
 -0.33189667754588925     
 -0.17410666935963318     
  0.13869596443129886     
 -0.45050934584647856     
 -0.41334304163101182     
  0.95332209922238365     
 -0.25347905010841881     
 -0.43681540083903447     
  -1.2108839493949260E-002
 -0.19942660253680192     
  -1.2831288501401241E-002
  -3.0150956777835983E-002
 -0.12237629293333245     
 -0.96077723614574284     
 -0.51654369153413071     
 -0.10580108434895003     
  -8.1942866192226724E-002
  -1.5945512242143679E-002
  0.27797808404344754     
   1.1487393038913560     
 -0.12431852341624826     
  0.14456527946689887     
  0.13879989502830278     
   1.4726294547766170E-002
  0.19177004578741419     
  0.28035718199014042     
  0.15142128671355315     
  0.12898173146859454     
  0.27450616344776269     
  -6.0536155673751479E-002
  -7.1392706879060575E-002
  -6.1260332388125248E-002
  -7.0933889112595364E-002
  -8.6013768647167116E-002
  -8.1050914336531901E-002
  -6.4035586655903337E-002
  -2.9120178556080428E-002
  0.33001839997517318     
 -0.10773200419914876     
 -0.14465099159417469     
 -0.40938210905193817     
 -0.29380084404489398     
  0.40074117564708089     
  0.22636772193836749     
  -1.8729208555211631E-002
   1.1105684481816971     
  -3.1235637606952721E-002
   1.1665954696848281E-002
  -6.1161989438779409E-002
  -8.9923397010954850E-002
 -0.13410354465654661     
  -7.0595811215374421E-002
  -4.9629140751496527E-002
 -0.23566561186485480     
  -5.0608264026032065E-002
   1.5891005796828876     
   2.4739030885324892E-002
 -0.10136832952499684     
   4.5121411234088034E-002
  0.12084475836364980     
 -0.22928776769968276     
  0.30430932531846239     
   8.7643502837012582E-002
 -0.63387455498114287     
  0.10996560719022373     
   2.1118386361745001E-002
  -7.6791419036597683E-002
   7.9876172416774832E-002
 -0.37407137611987251     
   1.6478609588781423     
  -4.5861668136368577E-002
  0.23608090521508854     
  0.19259544144386465     
   4.8914887350003836E-002
  0.41446827193772806     
  0.28306431720103925     
  0.19795197257579453     
  0.15219127513237307     
  0.20767783750765134     
  -4.6135141707306600E-002
  -4.2775398571147857E-002
  -4.5302075743281510E-002
  -6.8986453357289007E-002
  -5.9353002855717096E-002
  -6.9319482083752673E-002
  -5.9546951824329848E-002
  -6.7302086598316616E-002
   1.4568346821107308E-002
  -9.3622735923320113E-002
 -0.10681522458320650     
  0.24069952270692313     
  -6.5164440244938615E-002
  -4.7211823923821339E-002
  0.16352432428523730     
  -4.8043658626994147E-002
   1.1555416470471020     
  -6.8220040011783015E-002
   5.7055915101081559E-002
 -0.27957670855919164     
   2.3560058656123380E-002
  -8.6908909966598516E-002
 -0.13617174489711462     
 -0.11394663691787119     
 -0.15753006528609068     
 -0.29498951323465300     
  -4.0970715546919181E-002
 -0.18764657524705175     
  -9.8716643023246745E-002
  -4.1345819118962041E-002
 -0.27826980352779940     
  0.19365830759916691     
  0.30105944545547286     
 -0.22257928153060358     
 -0.77879614431475064     
 -0.18989672882964467     
 -0.16131385778145022     
  -1.5904036837383891E-002
  0.20981205389363572     
  0.81752727365496380     
   1.0466427016276771     
   2.1157257385126835E-002
  -6.2750531134411647E-002
   4.3030398145757424E-002
  -8.8491103052153030E-003
 -0.16972575768444845     
  0.24110145139076969     
   1.8795504606416415E-002
  -1.2932711981247123E-002
   8.0385266853748513E-002
  -1.8714011539356860E-002
  -2.9963242361869140E-002
  -1.3131382292273440E-002
  -4.1574114946229514E-002
  -5.4777976473125829E-002
  -4.8205046066812481E-002
  -5.2942955763359702E-002
 -0.11771597087193915     
   8.0081180254247236E-002
  -4.2506959540780223E-002
  -5.8059159038752431E-002
 -0.16090037903619400     
 -0.11710628554902711     
   6.1240056165086057E-002
   9.9414653794402563E-002
 -0.10487150412659352     
  -1.7882970022450659     
  -7.7502054032018902E-002
   3.4154048609826508E-002
  -6.7252595891074504E-002
  -5.2624446662786456E-002
  -3.5140868113021188E-002
 -0.16300465557122659     
 -0.13001359331399262     
   7.5695482168812627E-003
  0.10987089299318123     
   3.8446751617127579E-002
  -8.6671982558588559E-002
  -5.8529348729765077E-002
 -0.12881957106604894     
   8.2260563047827674E-003
  -2.7395146612133690E-003
 -0.20191479603418858     
  0.12468960568339620     
  0.42088979441202357     
  0.13111425086132886     
  -4.6741867778976716E-002
   1.0008643077967588E-002
 -0.12478964255974753     
 -0.51659449201339025     
 -0.38986879684022080     
   3.6440710928954248E-002
 -0.42032561308282768     
 -0.44846852664590225     
 -0.21009349950719955     
 -0.41529237584723244     
 -0.61809917143380366     
 -0.29189293314739984     
 -0.21470084265597547     
 -0.31612883709709361     
 -0.17131934647443775     
 -0.16400576504339071     
 -0.17394276108450030     
 -0.12845732737864451     
 -0.12420739889576292     
 -0.13233231525865688     
 -0.11818254587941107     
 -0.10565997501188613     
  -6.4394542901016122E-002
  -6.7592975627697838E-002
  -7.4888155234638307E-002
  0.10433515291094971     
  0.33521518645121734     
   5.0668118569482494E-002
  0.52317580387729368     
  -8.9618911193946341E-002
  0.70832056721011027     
   4.5106694286039736E-002
 -0.16711098699852259     
 -0.21967342602583581     
  -1.7299248695518788E-002
  -6.1969982053092537E-002
 -0.21177715050596166     
  0.43149227206565482     
 -0.54345770427312312     
   1.1371218749982170     
 -0.12377653709757153     
  -3.1680120085036310E-002
  0.11969038477542533     
  0.23709456624191422     
  0.33990554945527890     
 -0.23361828065868787     
  0.86322189726283460     
 -0.32820046712381612     
 -0.83472528489569042     
 -0.20820727389468094     
  -6.9337128752388094E-002
   5.4276894096987008E-002
  0.24514155639711771     
   2.3206239958786905     
   1.6162116866841332     
  0.13344973645706745     
  0.13178693299751046     
 -0.13994540545735507     
   4.5099297599538762E-002
 -0.51113520156581416     
  0.54014071339869196     
 -0.17682250763634011     
 -0.18302432622571266     
  0.14566670540331161     
  -1.3939006217915892E-002
   2.6266136445882084E-002
  -1.8650730638112518E-002
  -1.3216109209849301E-002
  -2.6966265931189261E-002
  -3.2344580289565855E-002
  -5.3119324060943225E-002
 -0.15612626079765857     
 -0.11682518823306699     
   6.2259909524035543E-003
  -1.6038095788793980E-002
   5.3808960356408836E-002
  -5.3560281376960762E-002
 -0.16484311979249344     
   7.2884076835772749E-002
 -0.12558140965311718     
 -0.94154051386632553     
 -0.16579898780174018     
   3.2102630433603355E-002
 -0.51439924808252935     
 -0.15449973734151240     
  -6.1713561778281655E-002
 -0.20556624889738537     
   3.9693049729356465E-002
 -0.10318522057734353     
  -5.5012737474628107E-002
   1.9059071294896857E-002
  -8.7782168663875948E-002
  0.24749109109256714     
 -0.17417654302996133     
  -3.5139421112038961E-004
  -8.6321286533825176E-002
   9.1097858044809785E-002
  -8.4198473158929171E-002
  -5.2823917372205730E-002
 -0.24169687388983824     
  0.39259053615086248     
  -3.9473707662044229E-002
 -0.20167749117855363     
  0.24921386565244100     
  0.32804897990395049     
  -2.0736035634041031E-002
  -1.8349943592622698E-002
 -0.10389743398985664     
  -7.3663312716287302E-002
  0.23392309812479642     
  -2.4336495478993091E-002
  0.13641243653454341     
   8.2128868957096313E-002
  0.26526029120620265     
  -8.6317373923097185E-002
  -8.2594977976282583E-002
  -9.0660294698350158E-002
  -9.8621446597549484E-002
  -8.4536863261234121E-002
  -8.5194408983767594E-002
  -8.1799042388119220E-002
 -0.11971826671730769     
  0.19801772687241564     
  -2.2187970160461999E-002
  -5.8695289057147507E-002
 -0.64626254786960968     
 -0.10534369401897076     
   7.1993221651939929E-002
 -0.21008348509647878     
 -0.10645320706382358     
 -0.79214528941445650     
 -0.13104191114931629     
   5.1280489687715427E-003
   2.9080171104335053E-002
  0.17673387124707496     
   1.1655983437136107E-002
 -0.13387825652346019     
  -5.9396693529258568E-002
  -7.6988058640746398E-002
 -0.10808916043190525     
  0.11289703549302060     
  -8.4983964880545895E-002
  0.27402802681308047     
  -9.1658851119035115E-002
 -0.11336389324822310     
 -0.34501490044519895     
  -2.6988431500622516E-002
  -4.0528036611672126E-002
 -0.14298181554236244     
 -0.11654803709985391     
 -0.14632106061349115     
  -8.5995582651890667E-002
 -0.17188595628884867     
 -0.18348892280970874     
  0.68414930943435537     
  -3.8824225258024384E-002
  0.32335550508489980     
  0.49050184572581035     
  -6.3543659808137061E-003
  0.94443401595085208     
  0.12080691470183473     
  0.20236122457967556     
  0.17594589582403283     
 -0.11892094471451709     
  -1.4538015627029430E-002
  -4.6170899371507000E-002
  -1.4090757142207377E-002
  -6.4414179639957547E-002
  -7.4289418978648089E-002
  -7.3990659741938886E-002
  -8.1441327347050174E-002
  -5.0550344817861026E-002
 -0.10031051224804882     
  -6.6872846106912409E-002
 -0.11270825515489535     
 -0.10012635451114911     
   6.4100396230669168E-002
 -0.10014204046959932     
   2.9520735131927742E-002
  -4.3615225265348716E-002
  0.44081802842723272     
  -1.9529386128593961E-002
  -9.0680156320179350E-003
   3.5686277456305551E-002
  -2.1203071455729104E-002
   5.0324086209069037E-002
  -7.9122548278117100E-002
  -7.4326787712711478E-002
 -0.10913195174235535     
  -9.7653508770626160E-002
   6.0505766470318932E-002
  -2.4917959935561316E-002
  0.15592784755788353     
  -8.3637767360856735E-002
  0.12803581723080218     
   9.7436630419213369E-002
   7.2993140260457751E-002
 -0.16864527438205668     
 -0.22469662699856000     
 -0.43425254017808551     
  -8.0931242140284521E-002
 -0.11408913487073082     
   4.2104069976439597E-002
  0.38984470352785788     
  0.75654389230523666     
  -3.9812035775637349E-002
 -0.14528682436843768     
  -6.0532870629414877E-002
 -0.14067447793173446     
 -0.23054169449927833     
   1.5856316560431120E-002
   7.4005033071460224E-002
   8.3030011376931181E-002
  0.13114987007620951     
  -9.3611973782629976E-002
 -0.11124283394708073     
  -8.4800496446404250E-002
 -0.10967554681104968     
 -0.11869907346980742     
  -9.8354951320852493E-002
 -0.12420018413207917     
  -9.0348195402327469E-002
  -8.1833514387565184E-002
  -5.0730281540118514E-002
  -9.6295929051714454E-002
  -6.7791763124769422E-002
   2.7636703046449655E-002
  -7.6762477530857284E-002
   8.3279346601290813E-002
  -7.3555608480456905E-002
  -7.9449309100616317E-002
  -5.8434656089394750E-002
  -3.1195360503860063E-002
  -4.4517186513416455E-002
  -9.6444029036204554E-002
  -6.1747195733639682E-002
  -9.9958435532004258E-002
  -7.3806547450125784E-002
  -8.9048835112170127E-002
   5.9609766290220342E-002
  0.10334370632541644     
  -7.7428825500533455E-002
  -6.3286372489688145E-002
 -0.10041081867486067     
  -4.5555200822187010E-002
   2.3077717600404588E-002
   5.0754542628441970E-003
  -9.6479391939529063E-002
 -0.18459811271518747     
 -0.10805736605547307     
  -4.9461036651404819E-002
  -3.7399481435026069E-002
  -1.2834451553952382E-002
  0.30728070242517624     
  0.66513248391108259     
  -4.8841849083083692E-002
  -3.7182309830281667E-002
  -6.8589027266280897E-002
  -7.7135348601733697E-002
  0.12763401957504991     
   8.7069209343094214E-002
  0.14024326317254426     
   9.0608301714836331E-002
  0.14192275275428257     
  -9.7941614166521293E-002
 -0.11118051470388615     
 -0.11406683836602236     
 -0.11389468385281355     
 -0.11203210491610777     
 -0.11299802265234704     
 -0.10193286623457960     
  -4.2065990563390783E-002
   3.6312047852728041E-002
   5.6776297537988678E-002
 -0.12803975460421332     
 -0.13452218469731533     
 -0.53481896615118030     
  -2.2706187577050544E-003
 -0.12038104705835938     
   8.8566514118885664E-002
 -0.25616619788867323     
  0.32375727649547914     
  0.25543596335872992     
  0.30867190157909591     
  -4.5106566307674574E-002
 -0.14817459847619652     
 -0.12815912034807364     
  0.41915879151746416     
 -0.51008178175303021     
 -0.15997645855038339     
   1.0282609809284518     
  0.11367206255078939     
 -0.32081933436040405     
  -1.6273173051565649E-002
 -0.14138575970632694     
  -6.6790693726703182E-002
  0.41125858402289323     
  0.34469711270796488     
 -0.28358868700248685     
  0.18484631034468049     
  0.13790148634034327     
  -3.4939296267299906E-002
  0.28283778005603338     
  0.54305619397786753     
   2.9188105172951286     
  0.11674436004774018     
  0.45314765496811210     
 -0.13340645864650419     
  -5.6432655337275098E-003
   1.1383057482905872     
  0.43355956572583260     
   2.0708623186636537     
   1.1930788666571339     
   2.6951313739682998     
 -0.13112301771634199     
 -0.13519047211906021     
 -0.16210732829300623     
 -0.12283149977172914     
 -0.13792801961604734     
 -0.15580870092737981     
 -0.14820545031001278     
  -8.0429612917416585E-002
  -9.0834921453771367E-002
  -5.7318469075483935E-002
  -9.5272686763982151E-002
  -4.9536541783045077E-002
  -1.5781181910025834E-002
  -8.2931332092780335E-002
   1.2011166346982934E-002
  -6.9186578440159463E-002
 -0.16497063353691285     
  -7.7859126455587291E-002
  -6.0129422732454488E-002
  -4.8142991666684530E-002
  -8.3514824066444837E-002
  -5.4734828856394031E-002
  -8.9471045324163931E-002
  -6.9729575376803077E-002
  -8.8141843943002729E-002
  -3.8220785010130987E-002
  -4.7699363432458716E-003
  -6.7613935045294990E-002
  -6.8343485882437993E-002
  -9.5379444526253326E-002
  -7.1604385185971717E-002
  -2.1824166751670697E-002
  -3.6077026316951755E-002
 -0.10404250807169457     
  -8.1212705822219289E-002
 -0.10617550011684102     
  -8.0056878590579431E-002
  -3.4252941083957066E-002
  -2.9531052498580363E-002
  0.15977209291220065     
  0.26141418843237874     
  -6.3943266782160418E-002
  -6.2635389529848165E-002
 -0.14410061950731343     
 -0.10524370288098434     
  -3.2133235523361891E-003
   2.5494533973424879E-002
  0.10353945091011371     
   7.2139808955115167E-002
   4.4066195438080762E-002
 -0.13315598631222983     
 -0.13071543746732331     
 -0.13677837034422632     
 -0.11728649110437785     
 -0.11448786535243613     
 -0.11814354851313745     
 -0.11030252169109386     
  -7.1034611352963004E-002
  -9.7881124670463338E-002
  -6.6243346518303783E-002
 -0.10071263059631552     
  -5.0121741123145380E-002
  -1.7120219503848705E-002
  -9.5467742278495235E-002
   1.6136293736860000E-002
  -6.8869842420910654E-002
   1.0888407393189234E-002
  -7.5858909018175005E-002
  -6.3543036253958324E-002
  -4.4940396505289505E-002
  -8.1162976716040239E-002
  -6.3653254727497624E-002
 -0.10061470129896900     
  -6.1285552936289636E-002
 -0.10131201056686462     
  -2.9595047402726515E-002
   4.3393114084386841E-002
  -8.4712966911953486E-002
  -5.7638013809333533E-002
  -8.2817123859453404E-002
  -5.3325921791555111E-002
  -8.9186694059478332E-003
  -9.8662913282259127E-003
 -0.11885477219836466     
 -0.19290664282787046     
 -0.11480572195739847     
  -6.8440251611986330E-002
  -4.2113331386624570E-002
  -2.0946023941712938E-002
  0.26565571169879981     
  0.49940685691790437     
  -5.6862059711125124E-002
   2.5682018690473325E-002
  -1.6336353015792775E-002
  -8.8262630541373371E-002
  0.17009815240565737     
  0.10348975224886250     
  0.12200423704242545     
  0.10839078060100492     
  0.23676701579920689     
  -9.2909312681681996E-002
  -9.4911690553590278E-002
  -8.8814424381133392E-002
  -9.5094209562262694E-002
 -0.11223154176737289     
 -0.11111192107581493     
 -0.10396290639796796     
  -8.3568955349733826E-002
  -8.2729856228190582E-002
  -7.4252574695997969E-002
 -0.10426628679617282     
  -4.2911855597280349E-002
  -8.4976931958182650E-003
  -9.3758325355083910E-002
   2.3481335432606072E-002
  -8.4682272301972464E-002
  -8.7010718227171296E-002
  -6.5712913327053410E-002
  -6.8652755429981546E-002
  -4.5437762280961157E-002
  -7.7331812062325714E-002
  -6.9073883266654798E-002
  -9.2932470679479531E-002
  -7.5690929745219598E-002
  -8.3226965625472965E-002
  -2.4174800715087024E-002
   3.8352230404243723E-002
  -8.4419083365635181E-002
  -7.1802614384465974E-002
 -0.10003506508336993     
  -7.4562606895949401E-002
  -2.0120946862342580E-002
  -2.0522985520271049E-002
 -0.10315988417077440     
 -0.13486316579166771     
 -0.10659843392547558     
  -6.8700038796267557E-002
  -3.7564222558077578E-002
  -1.6394907029547261E-002
  0.25715826129188757     
  0.41812590349550410     
  -5.9399160680215231E-002
  -7.3241624531228105E-003
  -5.4422965857357661E-002
  -9.0097332005281763E-002
  0.12140253014618385     
   2.5781482349444367E-002
  0.14756946181149100     
  0.10828329149767825     
  0.17392569027515239     
 -0.10675312848710164     
  -9.8120286750931221E-002
 -0.11517835310246621     
 -0.10662414365179240     
 -0.10253222934484689     
 -0.10996967089225607     
 -0.11163140355640179     
  -9.5549683634261154E-002
 -0.11747856939476194     
  -4.4096076570947329E-002
  -8.1621474767425997E-002
 -0.15292070248995385     
  -2.8175204961810529E-002
 -0.11960562386943890     
  -9.8620839626856263E-002
 -0.10450141334752296     
 -0.30356909669549326     
 -0.11530862739552281     
  -7.2621492099748899E-002
  -8.4956325630458573E-002
  -7.3326620535612549E-002
  -6.5537670448774635E-002
 -0.11471863645660102     
  -4.9513657088471275E-002
  -5.9347775657237686E-002
  -5.6790541178417558E-002
 -0.19984405489177631     
  -9.0867671459001473E-002
  -9.2618733236921838E-002
  -9.5611532928111476E-002
  -3.3772116576462285E-002
   3.8914356662447649E-002
  -6.4485105871672499E-002
  -4.5165154269970809E-002
  -5.8500455688635898E-003
 -0.11800237186508152     
  -5.5882305239275197E-002
  -5.6530137321444247E-002
 -0.11371902819274621     
 -0.13742523753459598     
 -0.48776692885966072     
 -0.10378221677415672     
 -0.17716252753435355     
 -0.24653123314179759     
 -0.11307991981915852     
 -0.29558658276259681     
 -0.22393024538310444     
 -0.14872774331563221     
 -0.12906591406080431     
 -0.23420168317073631     
 -0.11572439163058962     
 -0.11908141412878781     
 -0.12916178041596188     
  -9.4850507349726748E-002
 -0.10560631625199317     
 -0.10732835439834583     
  -8.8566916199069076E-002
  -9.4550946416393583E-002
 -0.11275683604436501     
  -5.8560083854939028E-002
  -8.7661454288226193E-002
  -8.5194096698813254E-002
  -1.9014850893697255E-002
 -0.11789517816463652     
  -4.9356874682150366E-002
  -8.2977402122661123E-002
 -0.26291994904997074     
  -9.4324173573618747E-002
  -8.1764503189442408E-002
  -7.5733138987608667E-002
  -6.3258846922522621E-002
  -5.5639195251006038E-002
 -0.10067865607302895     
  -3.6000337618070928E-002
  -6.9212426877510710E-002
  -5.1005669619636304E-002
 -0.21132976780975968     
  -9.8370073661337043E-002
  -7.8382552043418444E-002
  -9.9666801797167290E-002
  -5.1738371397839503E-002
  -4.5061614490854388E-003
  -7.3178661541023496E-002
  -6.5839407111548495E-002
  -1.4551052211412155E-002
  -9.9677029077926194E-002
  -6.6029881796887013E-002
  -4.5444132670105081E-002
  -8.0447205045893908E-002
   1.8824835656208263E-002
 -0.29804606322976446     
  -8.3935377473150594E-002
 -0.16524522448446505     
 -0.30487563055625777     
 -0.12595773515185449     
 -0.33262892625618928     
 -0.21104541748048630     
  -3.7728672079824638E-002
  -3.4823434040617017E-002
 -0.11479942241288107     
 -0.13986502310384807     
 -0.12717948061513420     
 -0.15392950504366104     
 -0.11513442631056495     
 -0.10955608204456514     
 -0.10841298282653966     
 -0.10888856492678405     
 -0.11717612535219915     
 -0.13188094383835466     
  -4.2979226956693782E-002
  -6.3151691575462451E-002
 -0.16003191482403270     
   7.0268730682371203E-002
 -0.15628687910648312     
 -0.10900631228484509     
 -0.10874784796884207     
 -0.11082699220629107     
 -0.12717808608774669     
  -6.3221818097091292E-002
 -0.11014026597824905     
  -8.2851525465095444E-002
  -8.3512855264400290E-002
 -0.11541975300192242     
  -5.1413426958151202E-002
  -2.4307061096887309E-002
 -0.21580420075702614     
 -0.20473630648719046     
 -0.11799424600822178     
  -7.1919462242183180E-002
 -0.12107910287617368     
  -4.7693529847726637E-002
   3.5437998755204446E-002
  -5.7668236370136086E-002
  -3.6586761137611834E-002
 -0.12542938226948455     
  -8.9554519704721711E-002
  -4.1954260555156241E-002
 -0.11201943126624397     
 -0.16569917811430132     
 -0.10133994939782104     
 -0.27560505066717594     
 -0.12950712611981652     
  -9.8904060785134168E-002
  -2.1383234025950562E-002
  -7.1081256522245673E-002
  -6.4869477970270151E-002
  -5.9728767141737645E-002
 -0.22544874115875299     
 -0.21250049251636974     
 -0.22200398340044100     
  -4.7025290286839841E-002
  -6.6550959262819023E-002
  -4.6162259757977817E-002
  -6.5721769575818975E-002
  -7.5249297654903569E-002
  -5.9150843802825447E-002
  -6.3338291421637466E-002
 -0.10708631124425468     
 -0.10368589893027458     
  -4.9295138381314316E-002
  -7.5113500680496964E-002
 -0.22340325332888217     
   1.1184506188739450E-002
 -0.10647643800437598     
 -0.10045045086809892     
 -0.10169672012720163     
 -0.22902715860824549     
 -0.12314308703127810     
  -8.0431579389828783E-002
  -9.5202286236072714E-002
  -7.3287011070281863E-002
  -7.5734310973120417E-002
  -9.9178888188189859E-002
  -6.2689020021932787E-002
  -5.0183601132444668E-002
 -0.20502247842336441     
 -0.12989217118109508     
 -0.11521334654757660     
 -0.10129718206119448     
  -9.4967430491522634E-002
  -1.2920233637862582E-002
   7.2186291246673973E-002
  -8.2025155815908385E-002
   1.7307536265123845E-002
  -4.1927258057233435E-002
 -0.10680891813323302     
  -4.1176211476548152E-002
  -8.8088857996386216E-002
 -0.13820993788068925     
 -0.36952656407026918     
 -0.49522493251703814     
 -0.10988553643302200     
 -0.17363041019223635     
  -2.7688600454446828E-002
  -8.7695200731109146E-002
  -7.2948021647142300E-002
 -0.23493136474757509     
 -0.27875501533315544     
 -0.22883794041017472     
 -0.45217015025383661     
  -9.4379159260184142E-002
  -8.1193125738509384E-002
  -7.8963035685420568E-002
  -8.1955506923279117E-002
  -7.5683971218050095E-002
  -8.6945532832118103E-002
  -7.2174799446149310E-002
  -1.5455099905384511     
  0.66512740950346982     
  0.98308054210352414     
   1.5030533138291148E-006
  0.85372271473441952     
  0.87899360709851171     
   1.9247157983748637     
  0.24023586426791682     
 -0.56744392039352776     
  0.56564649226249164     
  0.33882434698130653     
  0.20161411370312940     
  0.26625932149456949     
  0.15150105796330621     
 -0.43383986536187708     
  -4.1383418994081503E-002
 -0.20670092140848451     
 -0.25604794523335900     
  0.24274281523187979     
  0.52330701121180079     
  0.26884740909084426     
 -0.36697215396534194     
 -0.14859911710112586     
  0.21739234424590273     
 -0.11258118839634429     
   1.2415030703736058E-002
  0.25690192627090019     
 -0.11227031243976128     
  -8.7748631778675854E-002
  0.32352635683610359     
   2.7621548304653624E-002
  -6.9923492619913211E-004
  -6.0954938212452563E-002
  -6.9313966996136955E-002
  -7.5960004886606272E-002
  -7.7271723476589740E-002
  -6.5628784035399096E-002
  -4.9118079598420281E-002
  -6.7357630556969306E-002
  -6.3281394716709710E-002
  -3.4052929401206015E-002
  -5.9087874758319600E-002
  -2.4010983627609318E-002
  -6.2261994939100604E-002
  -7.7879391839367679E-002
  -6.9309011943481103E-002
  -8.1256929949879125E-002
  -6.7312645971543697E-002
  -7.0000887745655743E-002
  -8.1847845529499849E-002
   922.09042612183168     
   2.2337438993990717E-002
   1.1498458085710470     
  -3.6487692366707574     
   2.2333515168570437     
   2.0899038337450819     
  -1.9135822870329798E-002
  -2.0781472535158896     
  0.40492781368949154     
  0.70143031781471976     
  0.12057802637472291     
  -1.2411316534857197     
  -1.0098423920429160     
 -0.17475539732971429     
 -0.98610799113070524     
   1.1365194405370269     
 -0.18226401828430952     
   2.1810160404217327     
  -1.8988127328229170     
  0.11903277694256774     
 -0.45896152488878850     
  -1.0934402247802724     
  -3.1426855165840268     
 -0.72120490135912740     
 -0.58008996543831393     
  0.70299825061594556     
  -1.2471168315713346E-002
 -0.10674154723696627     
  0.30173207027445692     
 -0.98985596847430235     
 -0.73653897292474457     
  0.19227209634119072     
   2.1878280769072837E-002
  0.11481607814765679     
  0.15313418802031079     
  -7.2936030537309460E-002
   6.4593529188107721E-002
  -3.1286362609121862E-002
   4.5907600761489364E-002
   3.5126856044704287E-002
   7.8793397694940065E-002
   9.4686730033913827E-002
   7.6277359884175444E-002
   1.9240515425383374E-002
  -4.5149659964031719E-003
   2.2266266837495090E-002
  -1.9413093429437360E-002
  -4.5008188948020986E-002
  -2.0353641256073501E-002
  -5.8413522730993178E-002
  -9.6111281233761739E-003
   1.1188082196571469     
 -0.62275848068610784     
  -14431.797043857059     
  -5.9660165586828224     
  0.31519222875886999     
  0.80932926783831438     
   1.1216604513612050     
   9.8152887549106324E-002
 -0.30901361054786208     
  -4.8534677043137582E-002
   1.2293404030460970     
 -0.43732481609781315     
  -4.6088790361908400E-003
  0.18589489150480168     
 -0.98532508887131254     
 -0.14197504888346404     
  0.12182009097012614     
   1.0996625964601787     
  0.29629860422757537     
 -0.13952349683899104     
 -0.22984203409463103     
 -0.30583794188387153     
  0.16782878472484841     
 -0.65783139461497453     
   1.3655445585710726     
   9.8608325286747678E-002
 -0.23778335226278435     
 -0.60713685785827998     
  0.34579434401098053     
 -0.21083505915531831     
  -1.2145490839668813     
 -0.14609733008627260     
  -9.6878840580575581E-002
  -2.4797377354688770E-002
  -7.2504385589438697E-002
 -0.12886514653630857     
  -9.8480511664352538E-002
 -0.15851226085631737     
 -0.11240261274439710     
  -6.4358322623475961E-002
  -7.7903837502347806E-002
  -3.6267097323063810E-002
  -8.6788121539155980E-002
  -7.4079777678718844E-002
  -8.1658547104076468E-002
 -0.10137691335288973     
  -8.4071716771551661E-002
 -0.10034318429822271     
 -0.10355099238823785     
   1.3049265696448058     
